94164 93320
94166 82590
94167 62274
94175 71159
94176 60569
94177 66822
94178 15793
94186 26103
94194 88903
94224 14822
94230 98872
94233 31933
94242 82547
94247 21272
94250 64128
94257 46594
94259 20430
94286 98242
94294 32505
94297 87200
94346 80313
94352 61758
94357 43677
94371 21262
94375 92103
94379 25847
94395 54533
94408 69804
94420 15485
94425 22587
94435 66990
94447 42871
94448 83830
94454 30188
94459 69504
94471 17274
94473 67797
94508 20468
94521 223
94531 2094
94539 66601
94542 35304
94544 92943
94553 10684
94559 13479
94561 22102
94565 67854
94576 78230
94577 54709
94583 72497
94589 20968
94598 2318
94609 78014
94613 90193
94614 65050
94620 18060
94635 43300
94643 14252
94655 57960
94665 24414
94683 20754
94688 29815
94690 19377
94699 51746
94700 3571
94709 92197
94716 1754
94717 13468
94726 5879
94730 8599
94750 80547
94757 10352
94758 58746
94765 42815
94771 37846
94775 80554
94783 97286
94792 47360
94801 68980
94806 60343
94833 2205
94839 55377
94858 31001
94863 69514
94886 48391
94906 48629
94908 13955
94933 32623
94936 98756
94941 87451
94955 98560
94973 48679
94975 6563
94981 58475
94986 38203
94995 87138
95030 44356
95031 37806
95036 45206
95041 39863
95043 5132
95044 12636
95053 85064
95057 70037
95060 85625
95067 92986
95071 80226
95077 13251
95080 70682
95092 91288
95102 67527
95127 30676
95133 26172
95136 16087
95147 74603
95152 21730
95159 40303
95183 80494
95218 28633
95221 36228
95228 41987
95244 57643
95253 60662
95261 54948
95275 44492
95278 75521
95280 66720
95284 92455
95309 34966
95314 33659
95315 73900
95326 63150
95337 45464
95345 46157
95346 24649
95412 21037
95416 10518
95462 90515
95469 35621
95474 46143
95478 54627
95499 93691
95501 83225
95504 8640
95513 25063
95556 12020
95567 86874
95597 39560
95615 80853
95617 6599
95619 47834
95628 49480
95633 56730
95642 16590
95667 11089
95676 2975
95686 42848
95708 56007
95727 95873
95732 27713
95742 27669
95744 38988
95745 2322
95747 79999
95754 91432
95762 69015
95765 45176
95790 79905
95803 40513
95806 50041
95811 45162
95821 85400
95832 79045
95833 82432
95836 18950
95858 37201
95865 62272
95894 91191
95898 90668
95902 21989
95933 6309
95956 49960
95963 58586
95971 89055
95983 52749
95985 26745
95993 92779
95998 61935
96017 96977
96036 59651
96038 34919
96051 52166
96066 35243
96076 5581
96124 42883
96140 20984
96144 81624
96145 28059
96147 83238
96175 25691
96178 78396
96186 71398
96205 80434
96211 79978
96212 38121
96224 11814
96233 79280
96235 71625
96263 88228
96265 54184
96272 53670
96274 72568
96288 49238
96310 90158
96324 94449
96330 32792
96332 25729
96336 99769
96357 94718
96363 92646
96364 86077
96365 74177
96381 24430
96384 3203
96397 91831
96398 5652
96399 27390
96410 18006
96417 9963
96421 99668
96448 66253
96465 9800
96469 8867
96473 4244
96480 6438
96488 88680
96496 89431
96523 44834
96532 31862
96546 71479
96566 72092
96568 65590
96582 49998
96588 33693
96598 43426
96613 19670
96633 80078
96638 26705
96650 8856
96660 28130
96666 78016
96674 47009
96682 60510
96693 5000
96701 20105
96718 77680
96730 75502
96733 17493
96737 62634
96741 24685
96750 85460
96757 7824
96773 78588
96775 83060
96797 45784
96806 27784
96816 27456
96823 70422
96837 79113
96839 73609
96843 8580
96844 43577
96850 63331
96854 69942
96863 58469
96880 19840
96887 80949
96906 69496
96908 68731
96912 97343
96919 39694
96927 65905
96937 65250
96957 23642
96960 97464
96988 88128
97021 17394
97034 1420
97041 2594
97047 97866
97065 5916
97067 93013
97072 27762
97077 26797
97120 8939
97126 96261
97156 97615
97167 19068
97173 64697
97182 57504
97197 50867
97202 36342
97234 80192
97237 62239
97245 85150
97248 99784
97254 43268
97276 79438
97285 78758
97293 88536
97340 44430
97352 81015
97363 92413
97369 55577
97370 96970
97382 19829
97384 75467
97394 848
97398 93882
97404 26798
97408 88258
97423 47002
97424 87127
97432 53494
97445 38191
97446 46601
97452 91316
97462 25120
97470 35795
97486 22415
97494 59759
97496 66791
97499 16314
97515 71910
97518 38907
97524 68521
97530 72127
97557 59291
97585 6089
97602 18950
97604 65909
97606 87674
97610 29147
97613 32519
97648 88198
97657 10352
97680 46394
97685 77133
97695 73325
97698 94474
97722 63843
97728 95484
97734 66020
97736 22200
97737 21933
97769 79996
97787 15165
97819 85263
97824 27597
97827 25858
97849 90301
97857 24762
97874 77581
97893 52102
97897 91967
97900 37623
97911 85304
97918 47573
97922 67602
97929 1422
97932 76141
97935 89943
97936 13043
97943 88694
97950 76549
97953 35996
97974 66420
97975 23696
97981 58858
97990 15639
98012 65028
98018 30056
98026 76195
98029 36141
98072 12987
98077 37448
98102 75061
98123 85366
98125 89132
98130 73402
98140 86272
98147 71476
98151 9395
98158 53063
98166 93478
98168 99007
98169 9369
98174 44080
98192 32689
98199 33403
98213 90163
98216 55799
98230 64265
98236 20845
98253 17670
98257 54554
98300 85852
98301 45576
98319 45480
98354 39113
98387 15463
98423 76393
98442 57658
98445 55363
98457 12826
98470 77271
98477 65261
98494 91234
98499 89299
98514 81448
98518 20546
98523 12324
98544 21233
98554 31179
98566 25909
98574 50999
98590 79339
98618 21957
98619 1224
98632 36745
98636 7305
98652 3009
98654 43244
98668 39235
98684 69521
98686 33470
98693 91267
98697 17362
98704 62784
98722 37885
98743 42076
98762 28055
98769 27995
98778 60879
98791 43661
98803 53659
98811 37377
98817 14615
98835 14892
98840 42012
98854 32855
98868 11690
98873 45644
98878 36067
98881 65656
98884 63622
98898 97352
98906 98718
98911 83514
98919 35308
98929 4597
98942 12239
98966 6057
98982 22348
98983 17510
98986 75286
98999 92395
99009 58444
99013 34051
99040 22051
99043 2808
99048 83668
99065 92670
99068 82816
99071 54501
99072 5127
99090 6435
99109 71269
99115 36333
99139 81220
99149 38532
99159 63717
99163 88680
99183 33715
99196 45364
99203 90795
99204 87319
99220 11291
99229 54872
99232 80573
99253 14123
99279 26177
99284 68577
99289 49770
99291 45855
99320 67975
99329 43398
99330 37187
99338 35365
99355 12966
99372 66168
99385 1099
99394 8133
99395 81177
99412 68301
99421 47446
99439 24590
99441 96619
99453 53644
99460 28129
99465 79223
99471 34142
99477 25646
99481 11426
99492 88205
99498 80966
99503 43785
99521 86323
99523 83053
99524 1469
99530 7262
99548 39982
99571 15861
99575 1524
99581 48892
99592 60018
99596 96390
99597 93438
99610 93199
99616 94985
99620 26500
99628 90834
99629 28234
99642 35397
99674 13433
99682 63450
99686 78821
99690 80298
99724 65819
99733 99139
99734 96960
99746 44528
99752 99423
99753 9927
99791 2644
99795 77974
99806 8646
99807 23102
99840 32585
99853 44384
99854 68342
99868 25173
99878 34623
99890 21143
99900 44040
99905 25565
99910 93560
99922 92262
99928 68296
99936 69955
99938 58076
99939 25416
99950 74574
99970 92475
