31740 99868
31742 26158
31745 71117
31751 19168
31777 92705
31806 1848
31818 41722
31827 6092
31839 36315
31841 94753
31852 5870
31853 46358
31855 55069
31856 49504
31863 14835
31870 73409
31903 29122
31909 6355
31918 7949
31944 75980
31945 22415
31948 60168
31978 13199
31985 51510
31987 41691
32005 12945
32022 35398
32050 65079
32079 70026
32083 96383
32112 68503
32118 1798
32131 1624
32137 14981
32144 37991
32154 56808
32171 11133
32172 40141
32173 32033
32185 46798
32194 8293
32202 87909
32221 63651
32232 23903
32246 25763
32265 23852
32271 49085
32284 59679
32297 32387
32309 48956
32326 42138
32328 53201
32340 70577
32342 6016
32360 86112
32362 67299
32364 85078
32365 86289
32373 40713
32375 60681
32383 32487
32395 26797
32398 23895
32407 20254
32410 20139
32419 81469
32420 86370
32446 64621
32465 141
32467 52143
32469 46893
32474 28588
32495 32516
32499 45126
32502 54359
32507 62383
32519 49593
32525 14140
32531 19901
32534 62325
32536 86745
32554 63777
32564 17104
32571 69697
32595 74911
32597 19544
32603 58162
32626 85519
32628 19966
32629 45179
32640 16188
32667 48129
32677 51821
32682 15814
32689 7737
32691 88239
32692 34182
32700 76243
32703 31426
32705 40317
32731 91855
32734 53175
32736 96869
32741 16710
32758 79895
32763 59872
32770 94280
32786 87532
32796 90038
32801 22279
32804 89590
32810 79226
32812 23960
32813 85811
32814 76419
32826 83400
32830 2869
32836 70591
32870 47547
32873 50745
32880 71132
32888 331
32891 99653
32898 5978
32911 48936
32933 55689
32949 60196
32960 48630
32975 75228
32984 47279
32994 64404
32997 91273
33013 52305
33019 95725
33047 37060
33061 82753
33062 3084
33075 57004
33084 73092
33087 23122
33088 48835
33111 97940
33122 55452
33129 43624
33132 45489
33138 56087
33141 71427
33145 46307
33171 3987
33178 12505
33206 71040
33215 34114
33218 12224
33222 51571
33227 34842
33231 9688
33260 43759
33262 96062
33269 11468
33273 14922
33280 85794
33364 82542
33368 89576
33381 17339
33401 13550
33408 8550
33413 17248
33420 1291
33425 15147
33456 39534
33468 37375
33469 9069
33488 24980
33501 75889
33519 77848
33537 76348
33541 58920
33549 61256
33561 10586
33569 34084
33582 33853
33614 30573
33621 78825
33625 8877
33639 52004
33642 9451
33667 34287
33736 73689
33738 49219
33741 46525
33745 62354
33766 228
33779 1611
33780 15403
33794 54603
33795 77747
33810 86664
33811 1422
33822 79064
33824 52744
33826 66581
33847 22558
33862 95522
33887 61518
33926 47401
33929 35633
33937 66414
33948 9091
33953 36828
33968 7646
33975 78544
33978 26656
33985 90830
34003 23640
34017 43161
34029 85935
34034 25725
34037 32573
34039 29691
34049 98634
34053 18710
34058 97974
34059 22822
34068 59342
34071 59799
34080 53943
34089 66881
34094 8011
34111 55124
34119 49182
34133 15915
34143 95589
34161 36790
34162 59621
34178 5776
34221 94803
34224 435
34227 44371
34228 30196
34234 68060
34235 3555
34236 31300
34238 46050
34245 9640
34259 67875
34265 12017
34289 1289
34305 67051
34311 57855
34313 97920
34320 13205
34342 2640
34347 21165
34362 38904
34366 13318
34379 85639
34380 48455
34394 83349
34406 69472
34407 88286
34439 63544
34440 43491
34442 8001
34446 52627
34458 11534
34471 26331
34507 81293
34512 58524
34534 76694
34551 1029
34567 19354
34573 71940
34622 74623
34624 98691
34626 22851
34633 6349
34641 37113
34647 29473
34661 78154
34663 3750
34670 17553
34686 20578
34696 4663
34727 94720
34731 43797
34737 13680
34751 73164
34753 56906
34764 65163
34784 43704
34799 74067
34800 73754
34810 37123
34815 7115
34822 49662
34827 36091
34832 66836
34833 28784
34834 96382
34836 79002
34863 43672
34898 85316
34903 38885
34945 5214
34970 22704
34972 30521
34981 31613
34990 66044
34997 92373
34999 37071
35007 65582
35015 42503
35022 39703
35037 87993
35039 79515
35047 36265
35055 65834
35057 84176
35064 3443
35073 2979
35090 81790
35091 45913
35105 5607
35112 72017
35117 88695
35121 76661
35122 23575
35128 70710
35132 69875
35137 24298
35140 11259
35144 65783
35152 97616
35161 88968
35172 24875
35207 860
35210 17430
35220 5797
35226 76204
35234 12293
35247 75285
35256 34527
35277 35974
35284 24389
35287 88684
35293 11636
35324 33425
35340 98234
35341 71063
35362 22360
35368 40671
35372 76727
35382 22034
35390 43123
35395 88896
35406 85705
35407 15643
35430 42016
35450 80128
35460 83373
35478 67603
35491 84064
35501 82540
35502 56325
35505 57287
35511 70567
35516 44593
35522 78443
35548 42169
35559 8761
35562 67604
35564 54633
35567 8783
35576 96224
35577 86967
35582 52362
35601 62735
35608 5968
35627 34561
35637 47033
35641 79556
35643 71600
35650 18282
35655 29658
35677 90647
35690 31648
35692 55349
35693 29741
35722 40325
35730 95866
35738 17816
35762 81869
35764 13948
35768 65394
35793 29512
35802 75645
35813 26324
35814 34512
35817 28461
35834 85023
35837 90462
35841 108
35844 34136
35846 19936
35854 91682
35884 71121
35885 92507
35900 38023
35913 24955
35933 42202
35962 50841
35990 12001
35996 5308
36005 36529
36010 63712
36022 78234
36054 71888
36065 80663
36104 60199
36118 27290
36125 26950
36129 20268
36147 25084
36153 78456
36154 27742
36170 86012
36182 21558
36184 47693
36188 16048
36233 383
36247 72755
36250 62105
36272 58932
36275 18881
36284 80094
36293 25208
36305 5994
36334 15368
36337 79774
36338 72105
36341 59123
36348 73072
36351 67781
36360 4840
36369 83760
36385 37432
36404 63012
36421 8611
36425 7434
36435 48518
36442 91455
36448 69714
36455 40637
36477 64455
36478 55441
36482 39285
36484 88957
36496 91374
36507 52400
36512 50744
36516 6737
36517 66274
36537 10209
36545 3381
36549 94347
36569 74949
36616 23144
36623 60763
36637 46808
36659 30435
36688 36292
36689 85589
36703 85136
36710 5128
36717 1284
36719 46214
36733 79217
36743 10084
36752 53166
36764 65867
36774 12763
36775 89267
36777 91943
36780 44837
36781 73991
36796 29576
36812 66741
36813 75686
36814 73986
36820 78867
36825 1433
36826 5827
36843 90656
36857 31781
36858 98939
36901 14642
36902 55173
36919 10177
36926 51349
36935 83171
36941 90395
36943 70690
36949 48322
36950 73782
36957 51560
36970 24993
36975 33912
36976 407
36977 49871
36990 21092
36997 50829
36999 92323
37002 44190
37006 50366
37008 80584
37013 37353
37023 32822
37033 18629
37037 28635
37040 98491
37041 73609
37050 38382
37064 24309
37066 19491
37075 85832
37130 95634
37151 49854
37154 21867
37157 23585
37158 33462
37159 62390
37187 89491
37200 33001
37212 11056
37223 24523
37224 80766
37231 54182
37233 63539
37259 46637
37272 38662
37282 35988
37303 25234
37315 52279
37316 85963
37319 9228
37324 42629
37344 92524
37349 93972
37370 15556
37385 58710
37394 96510
37398 56626
37433 71830
37455 62020
37475 28999
37476 34965
37478 99610
37481 65247
37494 82589
37500 71204
37502 85989
37508 74481
37520 57564
37524 92892
37533 68714
37536 18321
37545 42497
37555 1984
37560 31493
37562 47332
37580 72990
37591 23700
37592 59217
37603 67175
37609 34926
37611 70532
37639 37396
37640 25074
37645 46003
37655 24281
37693 93456
37700 22992
37704 30124
37717 84951
37731 54206
37746 44905
37748 90502
37760 3739
37766 85100
37779 55400
37791 5025
37814 81889
37821 5030
37824 11508
37861 12481
37863 26363
37880 21009
37891 80030
37909 25255
37910 31042
37913 3164
37915 39091
37941 96121
37947 10658
37952 52870
37954 59141
37955 37631
37957 46987
37967 6877
37968 44410
37983 89399
37985 17824
37991 38691
37997 72783
38000 91302
38016 93365
38023 43463
38037 91285
38053 28879
38058 20322
38069 85459
38073 77946
38075 93320
38099 82162
38125 90544
38126 84794
38139 42629
38184 27041
38198 86397
38199 43448
38203 39549
38205 9299
38226 44117
38258 72222
38261 6524
38267 61906
38282 82349
38285 67738
38312 97462
38318 89655
38322 839
38333 67659
38335 70926
38341 72067
38346 40262
38347 23076
38351 16401
38355 36919
38358 8204
38373 78594
38380 1113
38399 81915
38403 72305
38415 94002
38419 13830
38434 46359
38454 64421
38455 19717
38461 38900
38510 61790
38511 14423
38559 40942
38570 19890
38576 95077
38590 28184
38605 22970
38614 44559
38626 3687
38639 83572
38640 12489
38648 51801
38652 24358
38658 43120
38671 95914
38680 68181
38714 81166
38718 3754
38723 35965
38725 81534
38728 80410
38729 348
38739 33322
38748 72931
38771 52153
38774 11052
38789 7102
38807 2053
38810 74887
38811 80003
38817 86578
38847 99017
38850 46841
38853 16128
38861 74679
38888 48352
38902 73000
38911 49835
38914 766
38928 89108
38935 93721
38942 84389
38944 43271
38970 63984
38972 49605
38991 37597
39006 92361
39028 56623
39036 57457
39041 90278
39047 56293
39051 16967
39066 34997
39073 49833
39084 30095
39105 80016
39119 93255
39133 12091
39144 86278
39161 42692
39168 98665
39174 9965
39187 90471
39188 34602
39207 46607
39211 47292
39221 66044
39222 74672
39231 13742
39247 48192
39274 95508
39297 68949
39308 47011
39313 54985
39339 91728
39341 37510
39348 22618
39364 936
39384 18439
39385 63908
39419 17083
39430 2145
39438 97767
39444 34186
39445 19005
39496 45287
39515 638
39523 76789
39533 12369
39543 91781
39548 81404
39560 72000
39564 82501
39585 47074
39595 70029
39596 86789
39608 76113
39609 27244
39629 44360
39636 48865
39646 89618
39651 85876
39670 15934
39676 7066
39680 51870
39690 26805
39698 16106
39702 97111
39715 74973
39718 68632
39724 36471
39734 57749
39735 50426
39741 49148
39744 72584
39779 96132
39799 16195
39806 72214
39820 72785
39831 42714
39845 1279
39864 88129
39869 39366
39873 99849
39896 1796
39917 79738
39931 12252
39939 13923
39946 48611
39947 93619
39954 54604
39963 80216
39974 52995
39983 89582
39998 32246
40005 26065
40010 41884
40016 79334
40036 7990
40040 63996
40075 46818
40079 45864
40107 60158
40108 37563
40114 90877
40118 54784
40127 54689
40134 90401
40141 24624
40149 70539
40154 91525
40160 78752
40162 59125
40172 27289
40173 57710
40187 86062
40191 24064
40195 23782
40202 7967
40203 62813
40209 59227
40238 61388
40239 68516
40245 69263
40246 47001
40252 44012
40265 43956
40268 74124
40281 95998
40297 43260
40311 2010
40313 9771
40325 34323
40326 20407
40329 2637
40341 28957
40358 2222
40378 22007
40383 23648
40389 13208
40398 99730
40413 72215
40425 73742
40444 81384
40454 26187
40455 50806
40475 56369
40490 43968
40497 32394
40517 64678
40538 47464
40550 69073
40572 42094
40573 61423
40584 56528
40585 95094
40604 81548
40606 66145
40608 99510
40616 25292
40626 1992
40628 45118
40639 22465
40642 82486
40649 84686
40660 49730
40665 10039
40671 18436
40675 13198
40676 17932
40682 93650
40694 53832
40705 65659
40713 63125
40722 94
40725 32579
40727 82735
40757 44151
40781 38543
40797 18083
40843 47092
40848 29147
40867 11267
40876 817
40880 27244
40889 65385
40905 74491
40907 30221
40908 95911
40914 97326
40935 36548
40941 23033
40957 59727
40960 43953
40963 68878
40968 34675
40973 83023
40974 40849
40977 97497
40986 60216
40992 4450
41005 23523
41010 76675
41014 37491
41042 28976
41050 12645
41073 40160
41075 3412
41094 91867
41096 92676
41103 1962
41105 11331
41109 79334
41125 67326
41132 71405
41134 31308
41137 44389
41149 53016
41155 80488
41169 72343
41187 82244
41193 25569
41212 89414
41227 42612
41232 38531
41267 11545
41268 95234
41270 62665
41277 36804
41278 25134
41308 1075
41339 64855
41348 75041
41352 28477
41353 39689
41363 66699
41378 82711
41388 55717
41392 94079
41393 44084
41448 5908
41449 11390
41462 26989
41475 81577
41478 21579
41479 74904
41488 30841
41517 18690
41535 9691
41544 88987
41548 85602
41578 39601
41582 84162
41587 70335
41589 73576
41597 44051
41602 18431
41618 99429
41619 28157
41623 80011
41642 159
41655 7512
41678 99322
41680 70531
41689 96948
41698 49633
41704 49284
41707 16437
41709 95101
41724 50890
41726 45526
41727 22093
41730 76200
41737 32665
41757 22978
41776 78898
41777 30182
41778 82165
41779 85589
41788 35075
41798 46750
41803 86449
41821 94646
41852 7056
41877 884
41890 85864
41892 30967
41901 79633
41903 87283
41907 95134
41909 8919
41912 98010
41913 70471
41915 90832
41925 24658
41940 80807
41945 26999
41952 10661
41973 73152
41983 58365
42010 79395
42023 95715
42025 99053
42028 96466
42031 36933
42032 64514
42053 93755
42071 74576
42075 6253
42082 27421
42089 50495
42098 63939
42110 25010
42116 51093
42123 82333
42141 94562
42153 83137
42157 55370
42164 98705
42165 79661
42166 59553
42168 51081
42213 13192
42225 19828
42230 29320
42239 11979
42249 80192
42250 24573
42270 56903
42272 45533
42274 38947
42281 23347
42302 38339
42304 17355
42308 21408
42309 53202
42318 94075
42329 35660
42332 77962
42340 61463
42352 59156
42354 38614
42355 70958
42373 82618
42384 90062
42388 48915
42409 46586
42419 40720
42426 62555
42428 17567
42432 59900
42435 98267
42446 64624
42463 96018
42464 21032
42470 10374
42485 32270
42495 80015
42508 3456
42509 80733
42516 44780
42535 77586
42545 34083
42547 32386
42565 960
42575 79410
42585 6943
42601 12805
42619 8792
42625 16104
42630 23969
42640 96677
42649 67275
42666 23096
42670 94604
42684 6743
42688 72667
42689 755
42706 64460
42713 14556
42721 66427
42723 5497
42724 60037
42730 43031
42749 43599
42754 74958
42759 11309
42766 29498
42771 39256
42772 36610
42790 72633
42795 48893
42823 63548
42830 56319
42836 67056
42837 63699
42860 79777
42882 49649
42883 72279
42919 79141
42924 281
42930 37800
42931 97952
42933 87137
42950 92680
42978 54401
42985 88192
42992 23641
42998 75649
43013 41016
43025 83181
43046 45886
43048 66511
43057 60724
43066 16514
43067 68531
43114 61410
43125 72493
43127 83755
43142 66719
43146 91653
43151 31338
43160 59226
43164 60393
43166 38200
43175 4045
43184 32339
43190 63994
43199 15175
43200 86719
43208 56565
43229 28908
43232 94286
43234 21253
43235 99189
43245 645
43247 64683
43248 68859
43259 8238
43267 78944
43309 745
43313 79219
43314 92454
43329 43786
43336 81683
43348 43873
43349 74906
43353 43123
43360 14368
43383 26818
43388 63228
43399 69843
43405 5665
43410 4028
43443 50963
43445 66664
43483 36127
43484 50528
43499 35563
43507 47472
43511 34422
43542 70934
43556 63586
43583 88175
43585 62228
43588 93922
43601 72581
43615 1186
43634 91777
43651 80541
43658 2033
43672 72621
43689 31663
43710 57616
43718 51293
43730 13783
43734 78189
43739 42999
43742 81709
43771 9449
43775 37297
43795 97994
43805 33164
43832 20980
43858 12587
43876 36077
43878 30864
43903 69366
43909 91191
43910 47534
43912 3028
43928 22883
43931 93002
43938 26076
43973 75760
43998 50504
44009 56610
44012 87757
44020 60726
44037 45704
44051 47745
44059 61094
44065 99157
44067 3839
44075 58375
44083 77428
44088 69502
44092 16811
44094 7285
44118 14169
44135 83867
44139 64201
44145 65314
44146 75256
44165 55824
44171 12177
44215 80565
44218 52065
44237 91599
44240 96610
44251 7549
44267 46686
44275 78420
44283 70412
44295 72346
44299 80213
44302 29258
44310 4529
44331 69838
44359 50557
44369 42708
44388 88363
44389 83003
44391 75537
44405 5287
44406 21969
44414 24860
44415 18189
44437 91899
44461 6025
44468 83132
44475 65567
44489 61776
44496 11297
44521 83714
44522 93623
44539 38033
44550 3119
44564 96259
44572 88932
44578 78971
44602 51938
44612 97612
44619 88570
44636 49308
44638 45060
44644 19833
44658 34307
44671 16914
44676 38886
44677 41419
44678 91409
44684 58360
44685 88041
44690 28406
44694 26450
44699 75447
44703 95931
44704 63424
44715 7713
44724 7661
44726 60820
44731 4548
44734 47000
44737 63494
44755 64268
44778 29647
44800 54799
44801 82003
44805 53914
44806 94163
44814 51325
44819 63732
44821 18180
44825 52156
44833 34976
44839 19076
44845 34789
44846 17321
44884 38202
44892 68542
44897 69534
44907 27990
44909 81900
44924 64933
44928 23423
44929 54036
44935 29958
44936 81616
44940 44632
44965 20093
44966 86895
44978 220
44987 56190
45005 12436
45006 42039
45064 19714
45079 51248
45087 20127
45096 34074
45115 53123
45136 70456
45151 77799
45167 13962
45169 2289
45170 37627
45173 8678
45185 98373
45194 1359
45209 35822
45217 78684
45231 95962
45236 26398
45242 44114
45250 14107
45265 33205
45303 79187
45311 5393
45313 90763
45321 65992
45322 51226
45345 43712
45349 67512
45377 81855
45390 78294
45407 75722
45409 97002
45412 37040
45414 7976
45426 2789
45444 44792
45446 20601
45451 66737
45456 60147
45457 58810
45463 46056
45465 8361
45467 22297
45470 68906
45474 39191
45490 80437
45491 71632
45504 55020
45507 80807
45531 70648
45535 62413
45572 89797
45590 29018
45597 6597
45600 70352
45620 53823
45622 13884
45642 89189
45657 48542
45678 29197
45711 9233
45747 99282
45754 29137
45759 73018
45761 52282
45770 2909
45805 86302
45826 38138
45834 69896
45836 98384
45845 9954
45849 55411
45868 44883
45879 12906
45897 75137
45903 39409
45912 37552
45937 34605
45944 26117
45946 83514
45975 26982
45980 91851
45984 55759
45992 83464
45999 43651
46000 66356
46008 99143
46025 8582
46026 33520
46028 90847
46045 97817
46048 49889
46050 79468
46080 52598
46084 95575
46118 45504
46147 34143
46175 3206
46196 91665
46207 16401
46208 10976
46213 86674
46236 72577
46243 83754
46249 88815
46258 96050
46285 86966
46288 24568
46295 44474
46297 28632
46315 23819
46331 93338
46353 65061
46371 21530
46373 62361
46392 90303
46398 66898
46403 22599
46407 89435
46412 52289
46413 72912
46415 24908
46421 23361
46425 44274
46456 87232
46459 76921
46465 14817
46470 86161
46471 86487
46478 49607
46489 65055
46499 44001
46521 75662
46522 5278
46526 46874
46532 20249
46534 83038
46539 4672
46547 78159
46554 575
46564 35670
46566 1386
46572 74743
46578 12049
46587 40323
46604 4984
46605 42152
46606 32062
46616 56745
46622 6520
46634 37900
46641 88364
46660 21263
46666 79484
46673 33437
46688 30471
46704 5283
46724 95745
46729 85026
46735 68203
46762 33987
46769 32022
46790 40498
46792 54175
46795 70102
46800 66646
46844 47312
46857 19642
46860 1387
46865 78477
46886 79900
46905 71375
46926 36017
46932 11195
46934 66241
46949 36661
46972 7729
47006 40325
47008 76937
47019 79862
47021 39368
47032 64065
47033 51750
47047 49800
47048 95704
47059 67720
47067 16688
47074 73808
47075 50614
47081 17230
47088 18670
47098 37775
47117 96786
47126 1629
47145 69219
47152 12886
47171 59599
47173 99319
47175 61180
47187 18628
47194 22935
47198 23001
47212 51791
47248 54553
47252 24582
47255 67886
47266 39130
47277 75733
47305 78599
47310 64228
47322 11097
47325 95609
47331 62646
47340 55135
47353 39004
47366 16933
47369 32435
47401 64547
47408 85397
47410 74359
47420 73159
47422 96650
47435 31898
47473 60077
47499 69206
47520 40190
47533 58421
47542 19126
47548 6918
47549 57559
47603 29235
47620 66491
47623 39252
47625 77945
47635 94129
47644 35583
47645 9605
47650 32852
47652 55986
47658 48265
47680 6786
47696 24005
47714 96406
47729 28073
47730 64508
47731 68656
47735 25510
47743 49268
47766 96244
47771 15379
47776 3761
47780 69348
47802 81673
47812 13199
47827 69356
47833 28417
47837 96296
47849 93054
47851 60036
47885 46524
47886 6994
47899 27007
47913 99120
47928 81375
47931 26053
47937 72966
47953 81962
47962 77487
47998 71513
48008 66797
48012 61558
48016 97542
48031 94010
48046 72588
48049 60075
48050 1835
48051 63922
48052 2308
48082 71225
48111 2174
48130 96267
48135 90684
48148 783
48152 83627
48153 77121
48171 28314
48181 94550
48222 17566
48224 57455
48232 91493
48239 19368
48240 60155
48245 93038
48250 70319
48258 41036
48264 87591
48265 14429
48270 59338
48275 44005
48286 35503
48298 8863
48317 56015
48322 90952
48332 68818
48343 23248
48373 83486
48374 9260
48388 75534
48421 56381
48426 54824
48434 26725
48442 43215
48448 47583
48457 97817
48460 27533
48507 66821
48541 18000
48546 59953
48548 61450
48549 82320
48619 47996
48626 65803
48646 18686
48649 46143
48657 28604
48671 57558
48674 34839
48681 59061
48683 61742
48694 10867
48721 51349
48724 81113
48732 36887
48743 97626
48752 33963
48764 69030
48770 40457
48773 24254
48779 34610
48783 52289
48797 96243
48839 8387
48841 69185
48872 21361
48876 65533
48882 62224
48884 35849
48887 23584
48901 52071
48910 89605
48911 15994
48929 5466
48931 18410
48939 56683
48954 95936
48959 79268
48973 46826
48976 26430
49009 65246
49013 11425
49020 47835
49031 6071
49035 78919
49039 37716
49051 9809
49055 11753
49065 37921
49072 88229
49081 15303
49097 65403
49099 72166
49110 92029
49121 32968
49124 4401
49138 34391
49140 36610
49147 14740
49151 26142
49162 22748
49190 20358
49194 59491
49198 92411
49218 60068
49229 59677
49230 72674
49238 9057
49251 62865
49253 28457
49259 89625
49270 40517
49272 53557
49279 48476
49305 81423
49331 79987
49337 19420
49347 66136
49353 14494
49356 17902
49364 84653
49366 11419
49380 27267
49398 65610
49404 13020
49424 7939
49425 8071
49428 10806
49452 23764
49457 79765
49463 37491
49508 30111
49510 3476
49512 37934
49516 49900
49524 56461
49550 75421
49553 61145
49571 70724
49580 49619
49584 20392
49592 67879
49595 94023
49600 31171
49604 7620
49608 41671
49637 96467
49642 56696
49646 43480
49657 71774
49673 48915
49677 24834
49698 70318
49700 53850
49730 23949
49740 68181
49743 390
49769 47821
49772 43156
49798 73848
49816 39986
49832 34826
49840 14518
49862 85967
49869 20331
49887 95276
49900 62647
49901 64116
49931 77154
49953 42072
49954 39584
49968 54380
49983 80651
49998 42118
50003 65814
50025 54145
50026 64235
50033 88878
50034 76892
50038 83762
50058 46791
50079 37230
50088 86342
50092 69834
50102 89611
50109 40073
50119 20732
50123 90244
50130 57900
50134 8942
50149 14559
50151 92370
50180 15147
50187 86667
50204 56020
50205 53233
50230 3470
50242 77179
50249 78334
50257 13443
50269 20330
50275 23958
50282 16025
50300 60771
50307 38766
50315 68032
50333 67508
50351 72628
50354 72419
50369 27499
50392 9074
50416 60560
50425 32503
50457 35459
50472 11270
50474 84779
50481 3148
50486 42183
50491 81941
50495 82457
50500 92300
50525 21674
50532 24624
50549 31508
50551 29804
50554 74847
50559 58337
50561 43768
50566 88517
50567 95472
50587 24508
50592 90739
50597 30005
50620 58538
50625 9111
50627 4150
50632 78885
50639 92631
50646 44695
50660 75257
50670 21375
50673 30771
50694 94828
50695 17037
50700 22838
50703 81849
50724 1268
50772 68100
50783 84672
50787 10963
50805 94034
50806 7096
50809 49281
50813 94081
50815 57025
50817 46209
50824 25351
50842 4913
50845 1271
50872 32385
50875 3418
50878 78663
50882 12821
50892 58209
50923 13578
50935 75577
50937 82782
50945 66018
50950 65264
50952 7834
50953 70447
50956 58050
50989 33757
50990 80299
51005 48767
51021 28134
51031 74674
51049 36295
51058 8677
51074 36248
51079 92891
51089 12407
51102 97077
51118 88439
51128 10554
51152 83082
51182 97547
51194 37560
51202 94035
51236 94766
51252 35921
51271 13416
51287 36872
51293 71360
51313 24764
51322 24273
51335 324
51349 90927
51363 88517
51375 76789
51388 40253
51409 85307
51446 81953
51447 6415
51453 54175
51462 30491
51464 26899
51469 5518
51479 98746
51481 30327
51487 35300
51512 81759
51513 84635
51516 64858
51520 59919
51528 79195
51529 49486
51535 86882
51543 52540
51556 68112
51557 2608
51559 6393
51598 82636
51604 84144
51607 33200
51615 50101
51630 6422
51636 32274
51643 58270
51644 96278
51654 60980
51665 72424
51668 60748
51689 42710
51692 59711
51705 6293
51716 72961
51732 3472
51735 37079
51737 27751
51750 32424
51775 84716
51810 58522
51821 52300
51837 67416
51845 2579
51852 90432
51856 38053
51864 71166
51870 41484
51876 45168
51881 64701
51886 77298
51895 80761
51899 76879
51906 67078
51934 15997
51937 97521
51966 38985
51970 23115
51980 88952
52001 75151
52017 29843
52033 39423
52034 31898
52036 25419
52037 27322
52058 401
52067 48665
52073 51688
52078 55401
52083 39811
52098 1763
52103 26232
52125 28880
52148 49932
52154 61580
52173 86308
52181 31011
52185 53010
52186 39865
52189 47278
52191 78549
52192 5631
52195 27108
52198 4651
52203 41201
52232 15873
52247 59151
52261 66680
52263 83258
52269 89817
52286 47904
52291 86627
52298 90874
52301 21419
52303 18696
52311 21876
52329 31415
52338 28778
52369 11831
52379 60939
52387 75121
52402 61706
52403 45938
52407 49891
52410 18088
52417 31362
52423 17507
52432 26775
52442 36605
52450 2144
52458 87137
52474 25982
52498 2393
52499 75157
52507 83924
52532 46474
52546 8408
52583 73286
52591 78721
52607 44047
52608 11013
52612 67771
52617 78453
52629 17051
52631 1833
52634 81829
52636 73644
52639 71799
52644 94306
52645 41340
52646 18757
52667 54618
52679 7094
52697 58867
52701 61383
52718 19738
52724 30971
52739 27780
52745 63939
52764 13798
52770 18305
52812 89991
52815 38265
52824 70816
52851 9267
52853 55050
52870 76745
52890 40551
52897 50982
52908 24949
52909 76707
52946 33024
52976 59081
52977 83336
52982 88256
52998 55494
53008 41784
53016 25339
53017 7860
53027 20348
53028 75665
53032 70123
53037 96319
53051 42023
53065 44884
53066 66469
53099 50184
53112 15531
53129 86102
53146 3775
53150 37845
53155 58953
53157 15219
53167 43918
53169 89429
53173 77649
53187 35163
53197 53310
53204 55489
53213 61777
53222 69436
53224 39742
53227 63511
53241 70524
53251 7452
53260 29491
53285 46974
53287 7261
53303 95682
53313 68893
53315 17410
53316 80246
53318 12689
53322 15855
53339 34260
53340 6080
53342 32805
53349 58541
53364 10349
53367 57520
53369 30496
53404 56373
53408 65832
53422 88871
53440 93363
53455 71915
53457 18762
53467 93484
53478 34783
53489 95891
53490 29229
53499 56584
53507 40760
53509 16792
53518 27148
53521 76107
53533 81637
53563 80169
53592 59714
53605 370
53619 79134
53638 61050
53640 51376
53642 38011
53645 37365
53652 95786
53654 3393
53667 17068
53669 90101
53673 34101
53679 30303
53682 87271
53714 53286
53715 99806
53720 39990
53721 45660
53727 84515
53737 57942
53743 27518
53789 59154
53800 49049
53838 65056
53839 17014
53841 9675
53856 87102
53871 47942
53905 2647
53915 19808
53924 13892
53925 98546
53937 1087
53954 86376
53980 70963
54004 1565
54027 20777
54050 21153
54064 45118
54075 54354
54108 86495
54122 65726
54123 92169
54124 12843
54152 40746
54157 90174
54171 11903
54219 33442
54223 17766
54247 11964
54249 57557
54253 61697
54254 90289
54257 76967
54259 62206
54270 86180
54271 99494
54280 12518
54286 11337
54287 55346
54290 96585
54300 53899
54306 27383
54308 25544
54316 35563
54321 25806
54388 2092
54395 17018
54406 45154
54407 53396
54408 11545
54413 82382
54419 68410
54435 28065
54446 64363
54448 93645
54453 53684
54467 90120
54482 81650
54484 90887
54486 23606
54499 15683
54507 35668
54529 28130
54546 88559
54556 72469
54558 17344
54582 98336
54602 26233
54603 61686
54616 61483
54635 95954
54642 99016
54653 13833
54662 44472
54669 54631
54671 83497
54672 22780
54692 25593
54712 47194
54718 90620
54719 87807
54732 54455
54733 96511
54758 23833
54759 95558
54765 81330
54779 2081
54800 93888
54812 86836
54827 67623
54828 70806
54841 78081
54867 34433
54870 73994
54878 20461
54908 95119
54924 21382
54933 86374
54935 48813
54948 54932
54949 60725
54978 3133
54989 65961
54992 97688
54998 21516
55005 97015
55008 54226
55013 9796
55018 91795
55021 38006
55022 56870
55033 986
55038 64054
55059 63445
55077 94627
55089 14280
55101 1925
55125 78809
55126 18567
55129 50088
55162 2141
55163 45794
55179 1705
55185 19326
55204 34874
55223 96747
55240 74779
55247 7257
55248 35879
55249 30500
55297 14442
55299 32263
55305 56856
55318 19145
55321 38036
55325 39353
55328 48265
55350 18626
55354 98464
55381 74337
55400 58090
55411 77627
55420 80960
55439 48977
55443 58625
55456 23070
55458 82924
55460 36187
55471 66158
55485 1928
55486 52293
55498 28152
55503 42549
55513 95343
55525 48592
55527 73997
55529 78925
55544 43555
55547 98542
55550 88708
55555 68969
55560 30084
55561 46742
55567 2427
55593 31304
55608 99654
55613 95605
55620 31880
55684 60962
55701 98046
55710 50509
55713 24866
55727 98422
55730 15882
55733 86438
55751 65806
55765 49299
55783 39646
55792 49758
55802 49143
55825 89383
55850 13981
55855 87022
55861 56362
55872 25648
55875 62594
55888 76403
55890 4971
55908 88647
55918 22134
55930 31563
55935 73018
55936 536
55953 58980
55960 79690
55973 95315
55976 32894
55985 37160
56005 57628
56006 65442
56036 4972
56052 23353
56054 72144
56057 71837
56065 55076
56086 98606
56107 1084
56142 50630
56163 78356
56170 95086
56207 20261
56225 35052
56265 56959
56273 43640
56328 95463
56339 1880
56340 65028
56343 31862
56346 50252
56377 45178
56378 50790
56382 96266
56385 65253
56388 2412
56395 30282
56401 51566
56434 41251
56438 50698
56477 17868
56481 97649
56501 13811
56502 41359
56508 97144
56516 70091
56520 41416
56559 415
56576 78035
56582 72066
56587 78808
56589 41458
56591 94474
56597 65740
56609 88054
56614 47789
56621 26254
56623 39553
56637 50378
56644 10101
56651 48412
56654 74064
56655 38315
56670 58863
56702 74588
56722 71451
56727 83787
56732 79700
56745 18604
56767 4035
56779 69014
56784 60712
56785 85925
56787 91638
56798 83766
56806 33931
56827 60942
56837 34488
56844 66976
56847 82946
56855 98210
56862 22042
56888 919
56894 93031
56897 25421
56901 45714
56909 64957
56910 92025
56914 73996
56925 52460
56938 51269
56967 57894
56969 25231
56970 58899
56977 72265
56979 47648
56987 21715
57008 70837
57038 87257
57045 95215
57062 79987
57073 93488
57078 24993
57094 53383
57103 77510
57122 29817
57126 29655
57137 45762
57138 80917
57169 56983
57188 14878
57189 82383
57199 46535
57200 97160
57202 3008
57239 42352
57247 80146
57248 47195
57251 94364
57272 70103
57279 3064
57294 43182
57312 18210
57329 87095
57334 14768
57348 92346
57350 93863
57362 21491
57373 8803
57388 15320
57391 61183
57398 70578
57426 17842
57440 99131
57457 54151
57474 49867
57476 68849
57479 74735
57506 75000
57514 94144
57524 5029
57543 10816
57545 86188
57556 83260
57559 56492
57564 89003
57573 96471
57582 11183
57584 70762
57585 44467
57599 53561
57618 11597
57620 76601
57621 43764
57624 44667
57639 4533
57645 17176
57647 43760
57650 37932
57661 24902
57681 40067
57693 49130
57702 12173
57717 18582
57726 14762
57753 14107
57771 45094
57772 94033
57774 84557
57781 74136
57791 8304
57801 76672
57807 42132
57814 74226
57819 59152
57833 70202
57842 88863
57844 48623
57865 63082
57877 31794
57889 38646
57890 45062
57914 11198
57915 82744
57916 35116
57920 6912
57923 71686
57934 56523
57949 80879
57952 55864
57967 41970
57969 47642
57980 98880
58014 9115
58017 75997
58024 22651
58031 48701
58049 90407
58050 41266
58060 47077
58075 83331
58089 96396
58092 92922
58093 64478
58110 51552
58116 82288
58121 30296
58140 52945
58148 1857
58153 42788
58171 38848
58182 28934
58186 80954
58187 64881
58192 7117
58194 34832
58204 51071
58248 55912
58266 27165
58274 66097
58353 11997
58370 22226
58377 40485
58382 74044
58387 56831
58399 60662
58437 28835
58449 1942
58475 11358
58481 63167
58487 71559
58503 49266
58511 85070
58516 65231
58524 4756
58533 98548
58593 97160
58608 86294
58620 75114
58637 66663
58656 46212
58664 13217
58683 47552
58686 13269
58718 75457
58727 69389
58743 53088
58744 36492
58754 36916
58755 38967
58760 88927
58761 59885
58765 68416
58766 9126
58769 48276
58786 12363
58813 71544
58826 75111
58828 57601
58837 34710
58838 23770
58846 80830
58848 5746
58851 38552
58855 4728
58866 20373
58878 66458
58882 24050
58886 28621
58887 21821
58906 2091
58924 5211
58935 90935
58936 827
58941 58875
58948 55618
58953 25271
58963 31693
58967 72764
58969 44268
59004 47155
59006 44197
59017 89458
59025 8122
59028 92571
59041 69298
59058 96749
59059 58609
59060 13790
59070 86513
59078 95769
59087 74649
59099 50043
59111 79049
59119 30085
59127 97892
59133 67620
59134 29830
59135 72513
59137 70156
59152 42642
59162 52588
59163 69186
59169 19192
59193 77744
59204 67764
59213 23753
59215 36302
59218 5562
59229 56847
59239 15938
59255 3502
59265 74582
59269 60192
59283 56718
59292 21617
59326 78591
59328 84543
59330 4989
59338 12444
59348 81047
59349 53579
59359 59141
59362 13110
59363 46249
59368 82302
59402 78432
59405 15845
59435 10981
59464 96603
59479 18379
59493 2492
59517 67838
59520 43396
59541 69929
59559 47363
59587 65006
59619 2829
59629 52332
59630 17810
59635 15087
59649 41433
59651 28042
59662 67783
59665 56263
59668 19284
59682 60264
59696 84052
59727 6022
59734 47575
59736 79015
59755 88123
59759 64208
59773 77399
59780 29373
59782 3658
59786 92080
59810 67534
59813 49275
59818 10015
59821 12531
59843 58791
59854 81426
59869 78768
59878 90520
59883 8422
59886 2970
59892 21066
59893 19452
59900 29600
59909 88777
59925 3311
59934 43855
59962 36819
59969 20314
59974 94715
59976 35898
59987 44184
59988 19483
59998 98293
60001 2512
60002 37911
60010 93472
60024 96829
60026 25782
60030 83575
60042 70502
60054 45606
60061 64179
60076 69626
60117 77466
60121 13055
60127 57362
60143 50652
60159 36578
60167 84612
60179 357
60181 58681
60198 61040
60212 26750
60254 87700
60264 43674
60311 71435
60325 59023
60329 22019
60332 12501
60339 29783
60356 51047
60367 92959
60406 27890
60414 94953
60415 30088
60436 96768
60475 42285
60480 60967
60496 98586
60499 35925
60538 40865
60539 36150
60548 56021
60562 19119
60566 12382
60588 29869
60603 5430
60604 19219
60607 70012
60625 34772
60641 35238
60654 75052
60659 47840
60661 52194
60662 63673
60672 42124
60679 31234
60717 48494
60718 55606
60722 80517
60725 93134
60726 28842
60728 4341
60737 49422
60739 4152
60743 82610
60745 39381
60767 11683
60768 70354
60771 4756
60778 67535
60786 45330
60800 16371
60809 21934
60816 77058
60837 23614
60847 9361
60850 3006
60851 47210
60855 90061
60863 3509
60864 45106
60872 38449
60889 42002
60895 92912
60897 67001
60899 82184
60910 80903
60916 28829
60922 96450
60925 93809
60934 69027
60958 76099
60959 45081
60960 63429
60964 67560
60966 99839
60968 89817
60973 2390
60976 49026
60980 31803
60983 83565
60985 14051
60993 82964
61015 65700
61016 87248
61023 93140
61027 12153
61042 37242
61052 5083
61062 73543
61077 82667
61091 34806
61112 55509
61117 21091
61127 53373
61137 47923
61138 73421
61147 80422
61170 30789
61179 18913
61181 96486
61216 18525
61220 52108
61225 3137
61245 37868
61252 18432
61294 91274
61295 58526
61299 97010
61301 10422
61302 16373
61305 1909
61309 69841
61345 83317
61382 16126
61395 59661
61399 6061
61415 60660
61419 28177
61426 50354
61434 47192
61436 93237
61445 3765
61457 15768
61477 85136
61481 63582
61504 46319
61505 92584
61513 11304
61515 48799
61523 82479
61530 80268
61548 57536
61553 17633
61562 59248
61573 57500
61585 82153
61606 63800
61622 73485
61628 59704
61634 97184
61637 45489
61642 50213
61643 86158
61670 64891
61673 61650
61688 75258
61689 32119
61692 27858
61699 82011
61707 50512
61724 81967
61726 36072
61735 25921
61737 45186
61744 12430
61753 73968
61757 22859
61775 48832
61782 12830
61789 34974
61793 33638
61797 15000
61800 85879
61808 75406
61809 73119
61826 93738
61830 86858
61832 36072
61841 21538
61842 88947
61848 99197
61860 89463
61870 9971
61882 14595
61902 5649
61903 93433
61910 13882
61912 24416
61913 56597
61917 83937
61919 58966
61942 14536
61957 81401
61961 48312
61964 17330
61968 25922
61973 96229
61976 45989
61979 2172
62008 23303
62041 6672
62045 58591
62048 9352
62062 20721
62079 57278
62085 798
62094 69603
62103 66833
62105 50633
62141 8918
62144 68543
62169 9217
62182 55566
62188 90903
62196 24727
62205 5541
62206 33856
62208 87568
62217 4095
62232 34733
62234 57226
62237 30450
62242 25878
62252 31093
62258 83683
62268 68687
62274 45792
62290 84284
62299 41278
62301 99657
62310 759
62314 73662
62318 36140
62323 23442
62334 2634
62341 78290
62384 46889
62386 30519
62387 48535
62396 64534
62406 17478
62431 50263
62440 28173
62443 75591
62446 28810
62451 1503
62454 96759
62460 67717
62461 9740
62477 13088
62483 68353
62486 84502
62493 64791
62508 92983
62535 63681
62538 74737
62541 5609
62546 21404
62560 50071
62562 54478
62566 88251
62575 27787
62579 70289
62591 20751
62600 96004
62601 16501
62608 5114
62610 95723
62616 91314
62620 97822
62622 87570
62625 48441
62671 51861
62674 19843
62716 72567
62734 83037
62744 19594
62747 70539
62753 43357
62754 57981
62758 40042
62764 58066
62768 11405
62806 21532
62815 34477
62820 32177
62835 67295
62846 72281
62851 64829
62854 97462
62864 65297
62894 58107
62897 40537
62898 45542
62930 73818
62933 50087
62949 13362
62952 22340
62959 49806
62965 52201
62967 96221
62978 33685
62986 97692
63005 27879
63009 53761
63012 78112
63037 36801
63038 23667
63043 75596
63059 2096
63061 13086
63062 42174
63066 88902
63073 68581
63083 74278
63087 86175
63097 99545
63118 87814
63122 28728
63124 13287
63145 13269
63156 38604
63196 35981
63197 52108
63204 9868
63218 56978
63219 32668
63222 88049
63227 94267
63231 81654
63240 10964
63244 61159
63250 17299
63252 79193
63265 95234
63280 36555
63292 17826
63300 31456
63318 51731
63324 76650
63327 67698
63353 8086
63359 30792
63361 86664
63364 92484
63368 64072
63371 78052
63373 82227
63377 71953
63389 73352
63390 61298
63408 72665
63409 18670
63423 16369
63425 53565
63429 99744
63445 7941
63447 21783
63453 70494
63462 91875
63477 24530
63489 21121
63521 24995
63524 38527
63528 10296
63537 76277
63543 65628
63553 9596
63555 42962
63568 17261
63576 59403
63582 56825
63633 84435
63636 89372
63642 14001
63646 96591
63649 81190
63688 28191
63691 30101
63703 95288
63708 66527
63711 86269
63717 55882
63725 64190
63728 42121
63731 19104
63737 33386
63750 28678
63753 55719
63760 37346
63762 47257
63772 38816
63796 90853
63806 26374
63807 68125
63811 41641
63816 13961
63835 87846
63839 87133
63894 45021
63910 56528
63916 81857
63958 43721
63973 47682
63977 83302
63983 41159
63997 67077
63998 3963
64022 63513
64023 88217
64040 82924
64053 83789
64058 27318
64059 83901
64073 39368
64085 33091
64089 60848
64097 66257
64113 36366
64119 41895
64138 63583
64141 24436
64142 54729
64144 63382
64165 42747
64168 4456
64196 38478
64230 79786
64231 86092
64235 96223
64237 14629
64243 37908
64254 71152
64264 83503
64280 44427
64285 81121
64297 69045
64300 82248
64307 75637
64324 63266
64325 98835
64329 53200
64340 11093
64351 11040
64353 91643
64360 38514
64374 57426
64387 4140
64422 38213
64428 47094
64431 60669
64433 72111
64436 72885
64440 19139
64453 29389
64468 56779
64472 43524
64479 18844
64486 60249
64494 38733
64509 11491
64518 17310
64521 72086
64547 5479
64552 4365
64561 65208
64585 28048
64593 49570
64611 53275
64616 47774
64627 24810
64641 72034
64648 29669
64684 72269
64685 5127
64686 28911
64690 37495
64706 99615
64715 63976
64722 96401
64726 72102
64732 58351
64733 1606
64749 91656
64752 30899
64757 38631
64760 39196
64772 62947
64778 27192
64784 23308
64794 46613
64822 39678
64828 26252
64835 86064
64839 67818
64846 29302
64848 92550
64859 91376
64862 1833
64873 64078
64891 56212
64899 75443
64917 63409
64948 31604
64953 98184
64987 67201
64990 9351
65002 35424
65016 4130
65042 90330
65061 45100
65086 93164
65107 979
65108 77043
65116 85592
65138 63802
65144 81300
65152 15768
65154 78560
65155 49728
65160 51467
65170 92797
65173 13951
65194 64399
65199 87132
65200 35921
65232 24131
65241 54174
65285 42009
65289 44033
65306 87622
65309 32815
65316 67088
65317 4698
65327 53281
65328 44531
65329 17064
65335 70980
65338 40675
65383 66666
65387 57517
65388 55808
65418 57368
65424 74799
65429 31820
65438 98516
65451 66078
65465 50430
65469 34108
65470 39550
65472 42865
65475 83391
65515 41778
65521 42275
65528 59531
65532 64992
65538 30381
65543 82549
65551 55829
65587 11302
65593 82035
65596 67904
65615 27707
65626 24957
65629 6735
65636 7435
65650 43915
65667 22490
65692 96852
65700 70080
65702 31505
65719 40324
65720 93917
65734 33336
65738 77324
65740 2788
65749 8401
65752 75762
65773 74019
65786 62915
65806 75302
65812 19269
65814 73013
65818 50067
65835 47697
65848 17015
65852 18027
65855 69027
65863 44030
65872 93079
65877 60700
65884 66868
65894 86469
65900 45707
65913 14343
65921 99551
65926 19118
65944 89579
65960 80728
65962 23350
65971 85184
66000 4011
66011 38594
66023 3291
66043 14404
66049 32248
66052 86704
66066 22514
66086 84808
66096 28342
66121 16004
66132 73806
66149 11244
66181 45181
66183 85336
66186 16345
66203 16792
66210 43396
66232 80717
66238 84799
66240 51936
66242 19695
66243 8620
66255 20382
66270 26166
66285 30043
66303 21662
66312 63679
66319 1206
66320 73183
66336 97162
66350 21816
66375 72347
66387 13974
66397 80601
66403 75696
66413 21485
66419 70507
66425 96555
66449 50636
66465 15621
66471 68657
66474 26554
66482 75048
66487 97778
66517 18716
66547 93190
66550 19366
66568 14278
66576 96853
66589 20330
66595 80984
66607 1197
66621 82282
66636 6928
66637 86938
66644 69818
66648 61943
66665 34709
66671 70448
66676 98706
66681 27306
66682 42204
66692 21726
66704 71231
66710 40318
66722 90609
66730 80014
66751 65706
66758 62425
66775 82849
66785 48523
66792 18160
66807 82958
66813 91775
66823 39315
66830 96040
66840 26251
66844 98830
66849 74498
66874 77617
66884 13909
66900 84768
66902 25189
66915 15559
66920 6256
66938 16580
66947 27077
66957 22612
66962 86936
66964 55406
66971 8777
66973 92865
66975 6563
66981 26694
67001 53401
67002 44040
67010 41167
67019 14918
67025 65456
67049 93231
67050 74852
67065 89674
67067 62381
67072 62699
67074 1124
67085 37032
67087 44327
67088 82735
67108 99786
67116 44655
67127 10862
67143 18922
67209 82307
67220 18315
67236 86358
67257 40179
67260 82002
67267 64193
67274 14071
67300 17818
67302 28415
67309 93351
67312 41773
67319 27862
67332 46694
67334 98927
67339 17261
67341 84172
67347 76151
67351 71526
67352 30568
67360 50391
67364 60973
67376 6288
67377 56252
67393 55597
67428 4993
67430 27354
67436 51808
67437 37368
67445 65601
67487 23483
67500 69401
67504 29830
67513 56646
67542 41577
67544 59230
67549 10733
67561 16306
67578 30125
67591 9601
67595 98602
67610 50131
67616 53722
67643 76633
67689 65150
67701 37683
67719 87474
67744 82859
67752 99547
67756 83514
67772 54764
67773 62110
67774 33224
67775 10553
67781 41681
67790 90233
67803 15161
67805 27104
67807 37394
67811 73850
67820 14535
67828 32156
67839 90299
67842 23081
67853 274
67887 92183
67903 25257
67922 62657
67934 20142
67935 29042
67954 38647
67960 42024
67971 12635
67972 23395
67983 8649
67988 36951
67994 62933
67998 27343
68001 59090
68002 80184
68004 18883
68011 34234
68018 23491
68028 23676
68034 55526
68037 30054
68041 47903
68048 48115
68051 19354
68057 49721
68070 15866
68075 53266
68089 70198
68100 27099
68105 77085
68111 91738
68136 6629
68150 21350
68161 99429
68171 45517
68180 1442
68183 3715
68184 83783
68190 3854
68192 72104
68200 53605
68204 89488
68212 29676
68224 11469
68244 30565
68247 2512
68248 69243
68251 7006
68266 69899
68280 89046
68287 93878
68309 36476
68314 61684
68317 8159
68322 97932
68324 54463
68351 10103
68353 63102
68358 70230
68361 95747
68371 40277
68373 58818
68385 60960
68389 47497
68391 36098
68400 89852
68406 4932
68415 24946
68417 17496
68421 98333
68427 60974
68430 28845
68447 2364
68454 56648
68459 6135
68463 27468
68482 77657
68500 13515
68510 9397
68513 90143
68515 61317
68517 67830
68526 69402
68531 54634
68534 40973
68576 80196
68590 52426
68609 61685
68615 13106
68625 97952
68633 9150
68642 12987
68647 74493
68662 3046
68667 16030
68677 52829
68686 47538
68691 35795
68698 35211
68700 9359
68702 58551
68719 35210
68721 35170
68722 62662
68730 30984
68760 62183
68777 5848
68791 6981
68793 1036
68795 59750
68796 40243
68818 24936
68822 39299
68827 4600
68855 68411
68860 50557
68870 90399
68884 50410
68907 12102
68911 13443
68923 40288
68951 22102
68960 52136
68972 55841
68986 19399
68996 19433
69018 17613
69030 59835
69049 24911
69055 83983
69073 19123
69075 51039
69080 80692
69083 68570
69094 13542
69103 56230
69124 36955
69126 68547
69133 56566
69142 65753
69147 46730
69161 21042
69169 55541
69189 15139
69191 47155
69195 79295
69199 72510
69218 73457
69227 608
69234 87889
69241 27038
69262 21400
69263 6572
69266 87027
69271 23348
69278 10442
69342 78359
69354 19506
69368 92971
69377 89173
69428 75764
69433 50313
69464 30756
69466 11447
69473 45547
69477 87617
69479 86174
69499 93189
69501 83726
69507 33591
69508 19357
69509 48761
69518 3793
69531 94306
69565 1215
69570 85589
69571 90289
69579 11894
69581 42671
69582 68373
69586 72727
69598 32487
69605 94902
69615 47186
69620 6992
69621 19200
69624 94713
69646 37326
69659 89656
69679 82947
69681 78583
69683 6212
69691 13413
69700 59576
69707 65754
69708 82756
69722 50025
69725 26074
69729 92157
69734 40905
69738 62352
69739 3616
69741 52718
69743 97646
69749 19504
69762 80560
69772 93001
69789 52504
69818 54254
69821 36798
69832 70078
69839 46425
69846 18751
69850 56605
69868 81692
69874 23397
69875 56414
69886 83133
69905 62964
69916 37349
69919 70115
69930 72152
69948 61527
69979 80133
69981 97548
69985 7557
69986 13842
69994 18300
69995 87660
69996 69315
70025 23290
70027 75123
70033 72386
70040 24420
70049 81834
70059 76718
70083 54072
70103 15954
70109 7887
70129 87266
70140 79950
70143 52860
70151 77051
70170 89327
70173 18296
70181 95241
70187 23137
70210 29797
70226 11463
70232 60087
70236 28305
70254 71369
70263 10503
70306 4768
70321 32738
70322 79877
70326 35966
70331 54343
70349 50341
70363 20319
70365 9207
70368 64150
70372 87545
70379 73548
70391 7864
70413 34426
70444 17991
70464 49152
70486 67124
70490 80541
70509 6562
70512 81610
70522 99529
70531 35313
70544 37170
70557 79298
70563 62066
70564 53811
70608 12261
70621 20079
70637 68760
70638 61736
70659 63895
70683 16944
70689 85346
70712 59544
70747 14370
70757 65369
70776 36759
70782 13728
70796 79679
70804 11298
70810 4224
70812 70171
70824 57240
70826 40716
70828 24787
70845 59808
70852 83288
70894 14149
70908 52632
70913 11231
70915 17151
70941 71483
70946 61923
70951 2763
70956 88244
70972 8319
70984 48402
71040 18424
71059 98449
71064 25416
71065 74439
71078 51896
71079 27299
71110 35277
71112 15938
71128 85714
71145 74971
71156 73421
71162 70823
71189 45389
71191 53122
71195 40745
71200 92213
71201 25455
71214 1263
71220 47558
71248 63616
71250 43472
71257 39045
71274 18407
71285 91432
71288 58767
71305 2679
71310 65975
71322 8891
71325 74868
71328 6805
71330 71281
71359 75339
71370 48261
71380 34175
71407 26338
71427 69631
71441 19646
71448 68592
71451 37373
71453 27689
71460 64348
71495 85203
71528 76429
71538 23970
71543 22606
71548 99274
71562 80225
71578 62097
71597 55161
71607 74242
71624 18979
71631 12379
71635 10983
71639 55897
71655 1757
71664 98920
71699 39589
71712 86338
71722 8464
71754 44856
71756 53535
71758 82777
71768 47289
71775 27346
71779 34471
71787 21763
71796 23279
71800 43091
71806 98901
71817 55318
71839 76940
71841 63893
71846 52481
71847 77084
71850 79332
71862 3364
71864 25936
71875 20274
71876 84405
71877 2634
71896 84612
71925 94295
71962 27051
71968 87129
71978 86223
72001 38573
72013 55636
72020 28433
72024 93036
72027 72214
72028 78332
72033 8817
72043 56533
72048 26832
72059 49187
72088 77770
72097 65720
72106 94630
72126 54809
72130 35674
72171 56979
72178 34831
72179 33749
72191 52679
72201 95800
72203 42523
72205 16950
72236 29082
72248 22489
72265 19584
72273 89426
72274 61559
72284 17425
72309 87782
72336 36367
72349 65388
72363 12892
72366 30021
72380 44257
72389 26426
72393 28645
72400 61388
72454 70675
72464 93088
72465 70646
72466 39839
72472 67474
72480 67680
72487 73317
72497 11238
72503 53122
72522 72809
72525 69424
72539 57312
72551 60699
72577 16207
72578 9561
72608 78063
72614 90353
72620 21906
72628 3710
72634 13564
72680 74495
72681 79444
72684 37312
72685 98137
72701 94348
72708 14962
72709 35062
72750 81839
72760 74735
72766 80732
72768 45700
72772 14389
72813 27039
72819 37835
72823 19147
72860 83928
72865 53623
72868 44007
72872 48203
72876 21059
72892 7109
72900 57589
72928 16985
72929 42846
72947 36936
72960 65240
72997 36622
73028 85322
73035 60228
73037 82153
73042 82341
73048 18994
73061 8654
73065 90755
73071 69592
73077 45150
73095 64346
73102 23823
73104 58161
73112 58624
73119 50586
73120 80032
73142 94966
73154 19992
73178 29528
73222 36485
73226 75297
73248 80514
73273 44227
73287 63619
73293 38179
73296 64166
73298 45105
73299 26128
73320 40265
73329 10627
73337 71901
73354 96503
73362 37302
73374 35241
73384 13943
73394 32357
73396 50851
73405 46677
73406 3046
73410 56445
73434 47746
73436 14649
73440 19433
73441 60864
73442 40843
73448 88392
73452 91669
73453 88511
73460 55520
73482 91020
73511 34890
73523 80491
73527 6462
73528 39520
73535 15000
73545 9845
73550 26894
73555 33665
73565 46121
73568 53938
73574 30995
73584 30134
73585 17853
73594 36909
73598 34083
73610 29849
73615 11022
73617 22797
73621 82692
73634 86496
73635 83059
73644 54508
73651 76798
73696 6549
73702 73676
73703 76154
73710 24656
73716 42285
73722 67206
73760 59122
73763 67361
73808 14441
73825 380
73832 57894
73851 73628
73860 52909
73873 62991
73874 49853
73876 58035
73887 34561
73888 182
73889 55386
73894 41210
73902 71400
73904 21513
73905 93093
73906 91552
73910 95520
73911 53784
73916 97431
73938 77940
73941 8406
73950 41238
74008 60299
74017 26622
74034 99944
74036 37600
74045 18875
74048 81377
74063 65058
74068 50624
74092 47390
74103 67509
74130 31189
74131 28944
74137 53875
74139 43535
74156 96543
74165 43596
74168 41736
74183 92696
74195 93982
74206 46233
74219 53941
74230 53998
74242 63406
74249 64763
74256 17929
74273 76044
74286 41193
74307 9478
74312 2372
74320 88844
74334 73539
74340 42679
74348 33777
74351 55846
74356 68755
74366 54400
74379 58239
74393 20028
74399 49165
74408 3833
74428 93972
74442 49947
74446 8959
74489 30562
74501 47719
74502 67253
74510 84809
74524 77254
74534 87199
74539 53722
74540 77545
74546 94103
74565 12073
74577 58948
74585 72188
74587 19596
74595 1026
74596 81262
74597 44967
74604 7862
74612 4391
74619 87030
74628 77872
74633 42689
74645 55182
74661 3691
74667 35607
74677 29008
74678 22181
74679 19871
74684 92054
74688 14181
74730 18431
74739 51896
74770 33818
74810 72662
74817 42817
74824 40188
74850 2273
74854 91641
74876 98280
74897 99707
74912 67119
74930 61657
74931 14053
74963 53288
74971 27796
74976 6972
74985 18576
74999 82228
75000 34937
75013 4866
75014 60909
75050 11949
75062 71469
75079 78860
75088 51005
75117 28733
75125 27894
75149 88871
75168 70049
75174 82653
75180 76517
75219 93214
75242 77088
75247 3502
75250 64186
75261 54421
75263 28339
75266 24638
75268 1227
75276 54733
75305 70208
75310 35473
75332 41620
75333 53422
75335 67804
75365 24824
75368 30857
75369 42190
75375 22082
75378 79161
75393 52005
75396 60312
75404 65364
75419 51916
75423 90309
75434 45040
75445 50870
75450 69972
75451 58970
75467 41101
75471 81540
75475 35767
75484 24943
75498 25512
75501 78027
75511 66733
75522 63577
75523 82092
75554 81361
75555 42328
75558 35927
75560 10514
75580 13546
75606 65465
75611 38657
75614 20869
75618 23646
75642 80720
75681 5050
75683 456
75695 32815
75700 27980
75702 52589
75731 69384
75751 66184
75757 24079
75763 12352
75764 26373
75776 8360
75782 11632
75786 68065
75805 17387
75834 13477
75852 81232
75854 80639
75856 5549
75878 5709
75893 99651
75945 59100
75962 50336
75965 72052
75967 90472
75983 83357
75985 36480
75994 17643
76011 10565
76019 50359
76023 6143
76037 89881
76069 22412
76072 37730
76076 51958
76085 69118
76108 9599
76111 12658
76121 42598
76125 53899
76158 62938
76166 25288
76197 66244
76201 6554
76220 44098
76252 9530
76278 70030
76279 89341
76293 84542
76296 84754
76298 23711
76301 95938
76310 93752
76321 32211
76323 34451
76335 33916
76338 94972
76340 1332
76342 97538
76343 34086
76351 91534
76374 87194
76382 87741
76384 84712
76388 90954
76390 53551
76391 58247
76392 66845
76398 59168
76412 18703
76420 27484
76461 28028
76473 86745
76484 91133
76538 17075
76540 58373
76550 81513
76554 37995
76557 21265
76560 59834
76603 30145
76607 49965
76608 54193
76610 27968
76630 70004
76638 48403
76639 67582
76686 98575
76691 99092
76700 49790
76701 47131
76728 6946
76731 70893
76739 29044
76740 6331
76742 27737
76779 60744
76782 56308
76811 14972
76825 25629
76826 31992
76834 22338
76839 11637
76861 87722
76863 35640
76866 64008
76867 97993
76875 68271
76876 27088
76898 82072
76908 47662
76914 55550
76916 59318
76925 69348
76926 41769
76946 43572
76948 17532
76950 20870
76971 70890
76972 7224
76983 16058
76984 42255
76988 2105
76990 56417
76998 86341
77022 3828
77037 594
77040 86606
77042 32079
77043 9462
77045 67255
77053 32549
77062 59391
77068 26060
77072 21477
77080 45278
77086 89970
77105 7046
77125 1109
77133 55301
77141 37800
77145 70081
77147 43575
77152 51001
77189 54292
77238 73698
77250 14517
77265 67131
77267 64823
77268 38863
77303 8821
77304 41913
77313 50556
77322 92331
77323 62136
77325 43771
77333 55321
77334 16400
77342 73380
77352 95379
77371 7772
77372 21331
77374 7954
77379 20298
77384 24107
77398 90491
77409 85661
77411 86987
77415 94258
77431 51489
77433 10591
77447 33732
77450 71031
77457 14099
77485 95100
77487 40167
77490 50148
77495 56435
77510 96002
77531 68249
77535 70232
77539 46558
77541 74913
77548 88299
77553 94687
77555 37807
77558 36163
77573 40101
77594 55911
77598 42024
77601 59
77614 88966
77630 34787
77635 75099
77641 97752
77644 9285
77664 32686
77675 92044
77676 21498
77679 94891
77709 76642
77725 41935
77733 45824
77747 52370
77778 36457
77780 41786
77789 64742
77795 23700
77804 79716
77806 5473
77811 42343
77820 12453
77826 70242
77849 82056
77864 33670
77868 49675
77873 34289
77874 39722
77882 13767
77901 2083
77925 41622
77929 94546
77931 24334
77971 73342
77987 52642
77988 58328
78018 53428
78035 75953
78054 84009
78057 50842
78063 54552
78064 55076
78073 4337
78074 84035
78076 55921
78103 63664
78106 91562
78116 92747
78132 42244
78136 26871
78140 22560
78153 61608
78171 44993
78186 35713
78200 18071
78209 79166
78212 31289
78229 80456
78233 68578
78234 28373
78236 35852
78244 32431
78250 44074
78253 42530
78255 95814
78256 95420
78261 32331
78263 83243
78270 98856
78274 99950
78280 10629
78298 22867
78299 30763
78307 883
78313 72488
78315 65098
78318 64375
78321 28781
78326 82102
78336 75452
78342 73936
78351 1914
78365 62071
78367 36940
78378 69331
78394 15308
78395 40687
78398 83865
78401 68754
78441 28883
78443 8931
78448 65405
78457 51861
78472 35094
78481 4596
78490 43252
78492 64783
78497 26813
78501 51051
78516 26495
78543 55094
78561 73772
78566 68422
78578 62444
78628 17379
78632 87332
78651 73015
78653 14601
78673 79158
78674 28782
78680 51760
78687 74852
78696 80508
78699 18822
78704 94745
78721 92787
78738 48339
78752 63597
78757 68287
78758 7961
78766 96169
78805 2371
78811 36504
78815 40115
78816 11817
78819 90812
78821 24886
78835 60272
78836 20510
78841 5816
78845 48587
78849 46438
78877 66739
78889 24745
78896 54973
78906 49722
78911 91333
78936 60526
78937 49097
78957 63815
78963 86121
78972 54528
78982 99615
78983 36428
78989 18848
79000 44753
79051 96902
79060 77603
79072 48889
79085 81047
79086 49276
79091 8827
79101 7115
79107 77119
79139 5558
79147 80672
79153 40052
79169 21026
79170 41445
79171 81673
79177 39714
79179 35589
79183 80414
79194 87095
79203 44451
79221 64333
79242 86618
79259 34640
79261 96679
79276 53494
79290 6044
79301 38787
79319 16736
79331 50387
79333 27591
79335 52216
79338 61527
79343 54214
79364 36650
79366 28600
79382 80464
79389 89790
79390 25888
79391 79800
79399 35442
79411 90673
79430 76246
79448 22383
79489 1288
79491 7443
79497 86878
79502 43490
79509 28927
79516 16509
79523 17396
79530 85326
79541 57865
79547 58830
79562 50717
79579 76100
79591 73073
79606 60139
79627 55916
79663 28863
79673 28467
79686 661
79695 57242
79715 96253
79719 27627
79735 27723
79742 41396
79750 43542
79766 77870
79791 40756
79824 47681
79857 29160
79863 57931
79873 84545
79879 83770
79881 17239
79887 11922
79894 92510
79903 88488
79909 73367
79922 26377
79932 75899
79938 42172
79948 8441
79962 16057
79971 58259
80009 57177
80018 71144
80028 22350
80030 80585
80053 45565
80061 44194
80079 36677
80109 26238
80120 71181
80149 20350
80153 27537
80163 55475
80176 73729
80183 45285
80191 77386
80198 21514
80254 65868
80267 57785
80307 56001
80316 24174
80319 92812
80324 35352
80326 70518
80328 78122
80356 89820
80358 95772
80375 11098
80380 62436
80413 34096
80432 69376
80446 12895
80453 61657
80482 2095
80486 8273
80489 76413
80498 71817
80499 58804
80518 70623
80523 95741
80524 5365
80529 97137
80562 38561
80568 28595
80573 63013
80598 96494
80599 28229
80600 87607
80608 74343
80620 91073
80626 74334
80628 12981
80629 60226
80635 46588
80638 57266
80649 67637
80660 70892
80665 50567
80670 42949
80679 75028
80705 91004
80706 32120
80713 19746
80715 55473
80721 34815
80722 76768
80724 99036
80732 35062
80735 38567
80751 62211
80752 9952
80764 81990
80780 42052
80785 15692
80803 91446
80806 70092
80821 45860
80826 51323
80832 95581
80835 43328
80836 41499
80842 59810
80853 72137
80861 93855
80871 44953
80882 90802
80884 51963
80886 20612
80894 58264
80901 69227
80919 78165
80921 35750
80925 64054
80933 42777
80942 40544
80959 49517
80987 3139
81014 93471
81018 97479
81033 72156
81041 82718
81043 67351
81089 30578
81090 61093
81111 4705
81112 16519
81121 3347
81124 15327
81130 80797
81131 78254
81141 70816
81152 69669
81162 74771
81168 27583
81184 87163
81190 4941
81192 91076
81195 19316
81197 8126
81205 87814
81215 75405
81232 81270
81234 36988
81244 95560
81255 41324
81267 92620
81271 7967
81275 26995
81284 46699
81291 31759
81300 52043
81306 74068
81317 48546
81319 1934
81325 1308
81335 8185
81340 44987
81363 43330
81385 53700
81390 56861
81392 67024
81399 86389
81402 86213
81414 81752
81419 43192
81422 30683
81428 72664
81437 5596
81450 30133
81451 73489
81464 32930
81468 44615
81479 89373
81498 76190
81501 60267
81519 65133
81554 55061
81555 26046
81578 16501
81584 10357
81588 93315
81615 76659
81616 66827
81626 89612
81630 41059
81637 91142
81652 67164
81704 13722
81713 26084
81714 33564
81724 49563
81740 71771
81741 51314
81759 57019
81766 55085
81781 80989
81798 18519
81816 62342
81825 52472
81835 90851
81840 8008
81850 78734
81862 71921
81868 16978
81876 78801
81886 46612
81888 16490
81892 35537
81896 72492
81920 51598
81928 51306
81945 86988
81964 18108
81976 85366
81988 10074
81990 26164
81992 55885
82025 43233
82043 94667
82045 28740
82070 29751
82094 89295
82118 23455
82119 5884
82123 14444
82126 75739
82140 293
82174 21238
82196 16422
82197 4726
82207 62139
82221 43079
82247 39277
82248 64482
82252 89010
82257 78472
82259 68464
82272 32934
82285 76076
82289 68963
82310 49603
82312 29271
82317 34961
82324 45493
82325 60718
82333 53971
82342 69158
82348 82649
82350 89122
82368 53879
82369 65751
82383 95875
82402 92660
82443 62138
82447 75387
82475 84207
82485 16028
82492 50264
82495 22926
82506 43191
82507 55751
82516 41205
82517 58049
82525 31993
82529 14752
82534 56819
82535 34158
82546 46032
82556 61607
82561 86652
82572 95392
82574 31120
82575 96687
82580 73498
82583 58939
82584 12654
82671 54085
82684 99658
82695 87350
82698 6300
82719 30167
82722 71498
82729 44781
82731 90931
82745 11592
82747 11129
82751 42090
82766 54117
82783 78709
82802 5114
82803 91647
82818 88337
82826 29762
82827 17791
82829 293
82841 14290
82853 41234
82860 26346
82868 13311
82872 79267
82899 133
82900 50416
82908 5570
82922 38177
82936 59629
82942 96564
82944 80968
82947 2717
82950 69663
82974 23959
82975 16689
82997 63709
82998 86571
83008 57806
83017 36221
83026 12481
83031 78124
83032 39100
83055 41610
83065 6899
83071 23114
83086 12450
83095 10062
83116 26381
83128 34077
83135 99416
83144 96053
83145 45742
83152 1327
83155 25477
83175 7592
83215 46769
83233 19448
83250 7711
83251 84880
83252 48799
83265 21341
83289 58989
83300 19947
83318 43822
83326 59098
83346 96768
83395 9139
83407 17777
83428 54955
83431 71292
83449 40301
83479 13194
83485 69266
83509 24034
83510 31091
83533 57396
83553 2726
83561 89670
83562 50378
83565 15773
83587 62926
83607 85293
83625 33645
83636 51769
83651 67941
83655 13884
83661 51572
83692 98976
83711 59257
83726 53485
83734 25693
83735 977
83737 8591
83747 34794
83761 72548
83772 60476
83782 56980
83790 63153
83792 34770
83806 28155
83807 59186
83837 137
83854 54923
83877 44626
83888 23559
83897 38582
83903 32285
83936 19288
83938 93837
83949 92276
83953 55731
83956 15833
83960 7361
83962 24991
83969 78145
83979 89759
83980 25805
83981 23184
83994 51376
84005 36765
84006 23729
84010 61003
84018 4668
84029 24270
84054 63582
84063 76261
84065 84718
84069 71020
84077 36508
84086 12038
84107 68608
84117 91488
84135 90650
84141 96832
84142 8065
84147 53225
84150 9389
84157 56729
84159 74571
84167 73274
84171 94391
84172 7112
84177 45629
84185 89225
84204 38513
84212 99398
84219 94049
84222 72483
84225 22220
84234 24223
84255 26172
84266 19275
84279 42028
84289 48741
84292 56407
84295 55875
84297 21973
84321 63133
84328 77189
84333 87398
84357 19440
84359 12876
84367 71687
84372 19411
84374 5049
84376 2190
84381 79071
84403 76003
84417 13133
84419 61066
84427 36620
84451 70764
84460 93065
84462 31756
84464 51652
84496 68686
84498 99665
84505 9011
84514 53026
84516 9138
84525 18044
84536 38527
84566 8215
84587 39011
84591 36627
84620 10361
84636 11518
84650 72927
84662 73408
84686 39553
84706 8099
84724 26132
84725 50188
84734 86341
84737 12342
84741 20912
84744 80161
84749 78334
84750 71645
84754 24935
84759 48795
84772 74033
84786 69886
84789 71112
84797 62747
84802 79216
84815 42799
84818 10175
84825 27900
84833 10501
84843 89478
84845 90782
84851 56565
84865 66072
84896 80367
84912 72169
84914 92840
84916 73727
84930 62135
84932 67568
84934 93645
84938 17358
84954 45226
84967 48462
84973 39027
84981 52612
84990 31064
84997 18720
85017 74669
85024 14547
85038 34499
85047 40107
85051 47630
85074 22104
85077 3734
85088 7691
85090 54491
85092 6543
85100 37070
85114 96051
85119 61979
85129 54595
85134 32889
85140 13934
85153 66077
85155 13173
85161 89897
85162 77063
85172 60193
85173 85070
85174 35040
85191 99471
85194 4525
85204 95817
85205 1998
85207 86521
85225 94706
85227 65354
85233 56453
85251 71704
85256 78092
85274 40499
85284 98628
85291 42708
85294 34288
85301 78993
85305 40488
85306 41683
85328 66055
85333 18618
85335 29886
85344 36893
85346 1570
85375 493
85377 43176
85398 78739
85399 87065
85404 86163
85412 56385
85417 40296
85424 29789
85435 91984
85439 15797
85440 82058
85442 50903
85446 31855
85469 20068
85471 87715
85478 54585
85500 98067
85508 86657
85512 47570
85518 45118
85521 39307
85528 36437
85537 86904
85539 79723
85541 10112
85559 31250
85564 66082
85587 24705
85594 28685
85599 35639
85607 64506
85617 50928
85618 33728
85635 54471
85675 94669
85676 93347
85690 72297
85705 89448
85708 46093
85717 26903
85721 87540
85730 17290
85737 46500
85741 78632
85750 38855
85754 16815
85758 10240
85791 43955
85812 34563
85824 26664
85828 56960
85832 28361
85833 25307
85853 12031
85856 59626
85876 44901
85886 75054
85887 82033
85890 49612
85895 40447
85900 40381
85902 67102
85922 92292
85946 30875
85953 36730
85966 13444
85975 63256
85996 29592
86006 91620
86012 86539
86015 252
86030 59771
86053 63093
86077 5908
86079 28110
86080 92131
86121 50732
86125 37937
86132 81153
86134 67683
86139 61822
86158 82746
86173 71768
86177 17160
86211 79980
86212 74373
86216 85691
86222 49865
86232 1863
86243 27527
86246 91721
86250 10553
86254 72077
86280 22160
86306 22787
86313 40915
86321 94851
86327 90202
86343 84902
86361 83643
86368 93646
86386 39296
86391 50626
86396 52457
86416 10694
86426 54313
86437 55287
86447 82618
86458 78270
86464 6373
86483 18572
86496 88977
86534 5987
86546 28715
86549 1669
86578 36891
86599 16696
86616 89281
86619 994
86624 8098
86625 61036
86638 15895
86652 58768
86654 90236
86665 79156
86675 42197
86693 5839
86698 76733
86715 87588
86733 73474
86740 83969
86748 24711
86754 54137
86766 65794
86776 59573
86799 35438
86804 11508
86814 22683
86854 44522
86875 82428
86902 86392
86906 3153
86911 38396
86920 13294
86923 18242
86933 73634
86945 81568
86952 74678
86958 43924
86959 88668
86982 96260
87003 88340
87009 72454
87017 36028
87025 92692
87034 27926
87036 40755
87038 98719
87039 90545
87046 42928
87064 14068
87086 37989
87099 14048
87100 7144
87105 21688
87128 90020
87144 55953
87150 77366
87172 7083
87182 23340
87185 3139
87188 85554
87204 53495
87212 57588
87225 70713
87236 76427
87246 21441
87268 61386
87279 64362
87311 55229
87330 45016
87346 43905
87360 25438
87361 54555
87365 98994
87374 36375
87380 75261
87387 84603
87388 51420
87390 22712
87405 98328
87406 52479
87408 79724
87413 98960
87431 93045
87440 53850
87449 48395
87465 88219
87477 22997
87482 48693
87490 28728
87502 94596
87549 83229
87553 13409
87554 14221
87556 36682
87560 43358
87569 79481
87604 63145
87613 65519
87618 47592
87621 49593
87639 70808
87640 64614
87661 1590
87670 67488
87676 22898
87686 15731
87687 50755
87689 17960
87690 53209
87702 5678
87711 27141
87719 31387
87722 55480
87746 51543
87791 19428
87804 19105
87809 40946
87827 44796
87828 87808
87831 39328
87833 81191
87843 32144
87851 88958
87888 83952
87915 24489
87920 44919
87932 63813
87944 65229
87962 21261
87981 51682
87985 96548
87999 43667
88020 48578
88023 82748
88050 92604
88072 24786
88077 35068
88080 80616
88081 96299
88085 82164
88096 56768
88105 23492
88118 75993
88138 56308
88141 35034
88142 27523
88143 19983
88153 80283
88155 6749
88184 96711
88186 33604
88198 65432
88202 93699
88203 92799
88237 6097
88251 91565
88271 81602
88286 47202
88291 77173
88299 1830
88309 63866
88314 1616
88318 72220
88325 94576
88334 10949
88364 66983
88374 53738
88378 65068
88396 33584
88421 26075
88424 39048
88432 64365
88449 30315
88453 96558
88465 75342
88512 89954
88544 13875
88572 49606
88576 59777
88582 97428
88590 23284
88593 73452
88594 73763
88602 50612
88636 16587
88648 56351
88659 31202
88660 11556
88661 26678
88671 10598
88677 95318
88679 39901
88687 43457
88706 10137
88709 53354
88710 63704
88712 35956
88727 47769
88735 42494
88760 42673
88777 26426
88781 22141
88798 38669
88800 76060
88806 98649
88818 54823
88858 18220
88859 71291
88860 22245
88872 63004
88889 89438
88905 46244
88915 68894
88926 7385
88962 59076
88983 78129
88987 82665
89013 78307
89016 79736
89017 4838
89026 30168
89029 28072
89030 46560
89067 16461
89072 13388
89092 51762
89101 96412
89114 38701
89120 99068
89123 45977
89133 44789
89150 9725
89156 86529
89165 79818
89170 89777
89178 54185
89195 2985
89200 38836
89206 54027
89221 7863
89223 98670
89230 66843
89240 20864
89242 1314
89243 41260
89245 65591
89246 31597
89255 41166
89268 30385
89271 99944
89276 38165
89284 86613
89289 29665
89303 14881
89318 38491
89323 98370
89352 41961
89446 65209
89448 97415
89456 64827
89480 88006
89485 61037
89495 3037
89506 63268
89514 63257
89540 2778
89545 53125
89547 32519
89551 77806
89572 62382
89583 42057
89589 64521
89593 81118
89596 90065
89609 84677
89615 60719
89622 31006
89624 33868
89626 51453
89627 51674
89635 25313
89654 78444
89662 97943
89680 92314
89702 61526
89712 82166
89723 785
89725 49378
89732 19923
89743 37870
89746 2209
89766 75643
89772 78900
89774 13868
89782 14641
89812 26093
89868 56733
89874 47762
89875 5186
89877 44309
89879 42923
89898 83670
89913 49147
89914 79126
89933 83760
89936 58698
89947 6963
89966 96590
89983 23088
89995 65640
90006 35694
90035 20601
90042 98850
90043 31678
90078 14571
90085 22543
90089 37775
90092 50246
90107 55849
90128 50079
90133 71142
90134 1991
90137 83515
90145 31993
90169 15027
90178 17635
90206 64270
90224 38276
90231 67924
90242 24202
90244 5922
90274 74846
90295 51329
90310 462
90316 67217
90319 60548
90324 51537
90326 83046
90328 19466
90329 93505
90330 51429
90338 62801
90342 94115
90344 48965
90372 24216
90374 97046
90384 88170
90412 70264
90425 66253
90431 63263
90432 48092
90433 15548
90441 556
90453 68964
90487 71705
90493 41045
90504 96090
90530 67797
90533 54300
90536 38880
90541 26136
90561 76401
90579 72103
90584 74803
90602 5191
90606 43151
90611 34730
90614 1373
90616 29820
90619 34555
90632 65183
90638 89184
90641 20833
90642 42713
90649 31780
90657 68566
90658 67324
90661 3993
90674 43470
90678 2458
90681 67510
90683 55869
90686 29969
90703 89775
90705 97899
90735 51708
90742 13600
90744 47006
90782 53212
90785 98753
90795 25312
90800 79563
90801 80596
90808 62133
90821 60300
90828 96019
90840 58788
90847 28320
90858 47724
90861 6632
90880 89156
90892 649
90898 69141
90917 67967
90921 32887
90923 85180
90925 64042
90937 71527
90953 8416
90959 72329
90960 75239
90979 43226
91009 69482
91018 93291
91023 76101
91041 45247
91047 73837
91077 54551
91083 53806
91091 26094
91107 36002
91109 35936
91122 28025
91124 84215
91125 11949
91134 7188
91135 9534
91150 16281
91158 11086
91177 24210
91190 2303
91226 13726
91231 71282
91240 295
91244 82219
91252 36646
91279 37174
91281 37579
91292 53357
91318 25866
91367 5772
91387 38393
91390 23520
91396 86818
91398 75046
91433 9868
91435 98095
91441 99302
91494 68704
91499 76838
91502 16849
91513 32063
91515 4878
91518 50343
91537 59915
91543 40467
91578 36232
91592 14649
91615 81483
91622 37074
91624 92316
91629 25069
91647 95389
91672 63459
91683 10504
91691 72394
91702 64281
91718 15824
91735 3537
91737 10967
91740 25126
91750 34745
91751 79719
91761 52002
91786 92444
91845 37259
91862 76084
91873 71174
91875 84177
91882 35818
91883 83996
91894 62323
91905 53046
91908 25920
91913 9576
91941 20758
91942 48105
91947 1419
91959 31137
91992 96593
92004 69524
92007 12537
92016 11295
92019 24721
92024 12434
92075 83797
92076 24007
92087 37230
92096 14545
92101 50278
92102 75731
92105 26009
92115 48080
92124 580
92135 14910
92136 60690
92140 18677
92167 41319
92170 58282
92188 80732
92201 40771
92212 21178
92231 50277
92233 20150
92239 8655
92240 45936
92271 40148
92277 99001
92284 15399
92288 23128
92311 39728
92317 87463
92333 49504
92349 59572
92353 7066
92360 33598
92363 68872
92364 62660
92382 91884
92384 37383
92394 33557
92399 28208
92413 55515
92415 15443
92432 44256
92443 96230
92452 74239
92475 41233
92485 88799
92490 927
92506 6558
92548 54349
92549 82982
92553 40921
92565 20111
92582 14341
92597 34501
92599 9577
92607 32158
92612 57304
92632 65325
92643 96246
92650 97147
92663 51062
92667 88405
92680 92113
92681 93029
92705 16559
92725 18780
92727 44083
92747 74293
92765 65684
92766 66301
92774 88345
92787 55516
92789 23722
92799 1470
92807 19648
92810 51741
92825 18321
92826 35509
92843 51956
92850 42464
92856 93294
92860 18329
92864 2243
92883 24328
92884 43245
92885 19882
92893 69973
92894 27427
92912 10278
92914 35463
92930 35244
92943 7835
92947 13328
92957 17640
92960 73393
92981 15205
92995 3188
92998 85929
93014 14593
93022 55774
93033 86495
93036 95905
93048 81662
93060 94434
93072 9620
93074 40604
93076 28576
93093 2212
93095 2812
93109 75329
93113 3673
93119 26876
93128 45525
93130 73068
93144 94110
93148 15685
93172 61213
93212 48049
93217 48544
93219 73082
93225 38419
93226 2229
93239 31973
93264 5321
93278 98619
93279 97734
93281 17183
93291 21878
93302 27036
93313 28490
93324 93351
93329 92478
93343 51821
93345 37707
93358 62917
93364 86262
93379 77578
93408 57728
93412 39262
93432 64764
93443 71868
93483 87854
93495 13006
93504 4752
93508 38982
93512 98218
93521 65186
93556 53396
93567 87194
93571 20857
93579 24009
93595 43019
93605 27330
93618 35740
93624 10359
93631 56478
93638 64373
93654 47820
93662 18111
93676 90097
93679 33313
93690 94362
93711 32408
93726 24737
93737 9974
93741 32968
93742 54376
93744 6212
93746 78492
93748 33985
93755 90793
93771 4239
93781 36096
93789 13765
93791 13448
93808 18760
93856 85073
93869 66799
93877 40063
93895 16726
93897 88208
93903 64753
93905 33736
93912 40375
93942 53618
93947 50949
93958 98682
93961 11353
93966 48858
93971 43328
93972 46961
93977 58368
93987 74215
93993 25556
94001 31833
94006 87765
94010 14149
94014 19348
94031 26283
94043 67680
94062 73730
94066 63301
94088 87647
94098 8654
94104 27699
94109 74269
94140 56366
94141 51336
94147 82283
94164 93320
94166 82590
94167 62274
94175 71159
94176 60569
94177 66822
94178 15793
94186 26103
94194 88903
94224 14822
94230 98872
94233 31933
94242 82547
94247 21272
94250 64128
94257 46594
94259 33261
94286 98242
94294 32505
94297 87200
94346 80313
94352 61758
94357 43677
94371 21262
94375 92103
94379 25847
94395 54533
94408 69804
94420 15485
94425 22587
94435 66990
94447 42871
94448 83830
94454 30188
94459 69504
94471 17274
94473 67797
94508 20468
94521 223
94531 2094
94539 66601
94542 35304
94544 92943
94553 10684
94559 13479
94561 22102
94565 67854
94576 78230
94577 54709
94583 72497
94589 20968
94598 2318
94609 78014
94613 90193
94614 65050
94620 18060
94635 43300
94643 14252
94655 57960
94665 24414
94683 20754
94688 29815
94690 19377
94699 51746
94700 3571
94709 92197
94716 1754
94717 13468
94726 5879
94730 8599
94750 80547
94757 10352
94758 58746
94765 42815
94771 37846
94775 80554
94783 97286
94792 47360
94801 68980
94806 60343
94833 2205
94839 55377
94858 31001
94863 69514
94886 48391
94906 43001
94908 13955
94933 32623
94936 98756
94941 87451
94955 98560
94973 48679
94975 6563
94981 58475
94986 38203
94995 87138
95030 44356
95031 37806
95036 45206
95041 39863
95043 5132
95044 12636
95053 85064
95057 70037
95060 85625
95067 92986
95071 80226
95077 13251
95080 70682
95092 91288
95102 67527
95127 30676
95133 26172
95136 16087
95147 74603
95152 21730
95159 40303
95183 80494
95218 28633
95221 36228
95228 41987
95244 57643
95253 60662
95261 54948
95275 44492
95278 75521
95280 66720
95284 92455
95309 34966
95314 33659
95315 73900
95326 63150
95337 45464
95345 46157
95346 24649
95412 21037
95416 10518
95462 90515
95469 35621
95474 46143
95478 54627
95499 93691
95501 83225
95504 9971
95513 25063
95556 12020
95567 86874
95597 39560
95615 80853
95617 6599
95619 47834
95628 49480
95633 56730
95642 16590
95667 11089
95676 2975
95686 42848
95708 56007
95727 95873
95732 27713
95742 27669
95744 38988
95745 2322
95747 79999
95754 91432
95762 69015
95765 45176
95790 79905
95803 40513
95806 50041
95811 45162
95821 85400
95832 79045
95833 82432
95836 18950
95858 37201
95865 62272
95894 91191
95898 90668
95902 21989
95933 6309
95956 49960
95963 58586
95971 89055
95983 52749
95985 26745
95993 92779
95998 61935
96017 96977
96036 59651
96038 34919
96051 52166
96066 35243
96076 5581
96124 42883
96140 20984
96144 81624
96145 28059
96147 83238
96175 25691
96178 78396
96186 71398
96205 80434
96211 79978
96212 38121
96224 11814
96233 79280
96235 71625
96263 88228
96265 54184
96272 53670
96274 72568
96288 49238
96310 90158
96324 94449
96330 32792
96332 25729
96336 99769
96357 94718
96363 92646
96364 86077
96365 74177
96381 24430
96384 3203
96397 91831
96398 5652
96399 27390
96410 18006
96417 9963
96421 99668
96448 66253
96465 9800
96469 8867
96473 4244
96480 6438
96488 88680
96496 89431
96523 44834
96532 31862
96546 71479
96566 72092
96568 65590
96582 49998
96588 33693
96598 43426
96613 19670
96633 80078
96638 26705
96650 8856
96660 28130
96666 78016
96674 47009
96682 60510
96693 5000
96701 20105
96718 77680
96730 75502
96733 17493
96737 62634
96741 24685
96750 85460
96757 7824
96773 78588
96775 83060
96797 45784
96806 27784
96816 27456
96823 70422
96837 79113
96839 73609
96843 8580
96844 43577
96850 63331
96854 69942
96863 58469
96880 19840
96887 80949
96906 69496
96908 68731
96912 97343
96919 39694
96927 65905
96937 65250
96957 23642
96960 97464
96988 88128
97021 17394
97034 1420
97041 2594
97047 97866
97065 5916
97067 93013
97072 27762
97077 26797
97120 8939
97126 96261
97156 97615
97167 19068
97173 64697
97182 57504
97197 50867
97202 36342
97234 80192
97237 62239
97245 85150
97248 99784
97254 43268
97276 79438
97285 78758
97293 88536
97340 44430
97352 81015
97363 92413
97369 55577
97370 96970
97382 19829
97384 75467
97394 848
97398 93882
97404 26798
97408 88258
97423 47002
97424 87127
97432 53494
97445 38191
97446 46601
97452 91316
97462 22756
97470 35795
97486 22415
97494 59759
97496 66791
97499 16314
97515 71910
97518 38907
97524 68521
97530 72127
97557 59291
97585 6089
97602 18950
97604 65909
97606 87674
97610 29147
97613 32519
97648 88198
97657 10352
97680 46394
97685 77133
97695 73325
97698 94474
97722 63843
97728 95484
97734 66020
97736 22200
97737 21933
97769 80577
97787 15165
97819 85263
97824 27597
97827 25858
97849 90301
97857 24762
97874 77581
97893 52102
97897 91967
97900 37623
97911 85304
97918 47573
97922 67602
97929 1422
97932 76141
97935 89943
97936 13043
97943 88694
97950 76549
97953 35996
97974 66420
97975 23696
97981 58858
97990 15639
98012 65028
98018 30056
98026 76195
98029 36141
98072 12987
98077 37448
98102 75061
98123 85366
98125 89132
98130 73402
98140 86272
98147 71476
98151 9395
98158 53063
98166 93478
98168 99007
98169 9369
98174 44080
98192 32689
98199 33403
98213 90163
98216 55799
98230 64265
98236 20845
98253 17670
98257 54554
98300 85852
98301 45576
98319 45480
98354 39113
98387 15463
98423 76393
98442 57658
98445 55363
98457 12826
98470 77271
98477 65261
98494 91234
98499 89299
98514 81448
98518 20546
98523 12324
98544 21233
98554 31179
98566 25909
98574 50999
98590 79339
98618 21957
98619 1224
98632 36745
98636 7305
98652 3009
98654 43244
98668 39235
98684 69521
98686 33470
98693 91267
98697 17362
98704 62784
98722 37885
98743 42076
98762 28055
98769 27995
98778 60879
98791 43661
98803 53659
98811 37377
98817 14615
98835 14892
98840 42012
98854 32855
98868 11690
98873 45644
98878 36067
98881 65656
98884 63622
98898 97352
98906 98718
98911 83514
98919 35308
98929 4597
98942 12239
98966 6057
98982 22348
98983 17510
98986 75286
98999 92395
99009 57332
99013 34051
99040 22051
99043 2808
99048 83668
99065 92670
99068 82816
99071 54501
99072 5127
99090 6435
99109 71269
99115 36333
99139 81220
99149 38532
99159 63717
99163 88680
99183 33715
99196 45364
99203 90795
99204 87319
99220 11291
99229 54872
99232 80573
99253 14123
99279 26177
99284 68577
99289 49770
99291 45855
99320 67975
99329 43398
99330 37187
99338 35365
99355 12966
99372 66168
99385 1099
99394 8133
99395 81177
99412 68301
99421 47446
99439 24590
99441 96619
99453 53644
99460 28129
99465 79223
99471 34142
99477 25646
99481 11426
99492 88205
99498 80966
99503 43785
99521 86323
99523 83053
99524 1469
99530 7262
99548 39982
99571 15861
99575 1524
99581 48892
99592 60018
99596 96390
99597 93438
99610 93199
99616 94985
99620 26500
99628 90834
99629 28234
99642 35397
99674 13433
99682 63450
99686 78821
99690 80298
99724 65819
99733 99139
99734 96960
99746 44528
99752 99423
99753 9927
99791 2644
99795 77974
99806 8646
99807 23102
99840 32585
99853 44384
99854 68342
99868 25173
99878 34623
99890 21143
99900 44040
99905 25565
99910 93560
99922 92262
99928 68296
99936 69955
99938 58076
99939 25416
99950 74574
99970 92475
