82257 78472
82259 69982
82272 32934
82285 76076
82289 68963
82310 49603
82312 29271
82317 34961
82324 45493
82325 60718
82333 53971
82342 69158
82348 82649
82350 89122
82368 53879
82369 65751
82383 95875
82402 92660
82443 62138
82447 75387
82475 84207
82485 16028
82492 50264
82495 22926
82506 43191
82507 55751
82516 41205
82517 58049
82525 31993
82529 14752
82534 56819
82535 34158
82546 46032
82556 61607
82561 86652
82572 95392
82574 31120
82575 96687
82580 73498
82583 58939
82584 12654
82671 54085
82684 99658
82695 78980
82698 6300
82719 30167
82722 71498
82729 44781
82731 90931
82745 11592
82747 11129
82751 42090
82766 54117
82783 78709
82802 5114
82803 91647
82818 88350
82826 29762
82827 17791
82829 293
82841 14290
82853 41234
82860 26346
82868 13311
82872 79267
82899 133
82900 50416
82908 5570
82922 38177
82936 59629
82942 96564
82944 80968
82947 2717
82950 85565
82974 23959
82975 16689
82997 63709
82998 86571
83008 57806
83017 36221
83026 12481
83031 78124
83032 39100
83055 41610
83065 6899
83071 23114
83086 12450
83095 10062
83116 26381
83128 34077
83135 99416
83144 96053
83145 45742
83152 1327
83155 25477
83175 7592
83215 46769
83233 19448
83250 7711
83251 84880
83252 48799
83265 21341
83289 58989
83300 19947
83318 43822
83326 59098
83346 96768
83395 9139
83407 17777
83428 54955
83431 71292
83449 40301
83479 13194
83485 69266
83509 24034
83510 31091
83533 57396
83553 2726
83561 89670
83562 50378
83565 15773
83587 62926
83607 85293
83625 33645
83636 51769
83651 67941
83655 13884
83661 51572
83692 98976
83711 59257
83726 53485
83734 25693
83735 977
83737 8591
83747 34794
83761 72548
83772 60476
83782 56980
83790 63153
83792 34770
83806 28155
83807 59186
83837 137
83854 54923
83877 44626
83888 23559
83897 32682
83903 32285
83936 19288
83938 93837
83949 92276
83953 55731
83956 15833
83960 7361
83962 24991
83969 78145
83979 89759
83980 25805
83981 22744
83994 51376
84005 40317
84006 23729
84010 61003
84018 4668
84029 24270
84054 63582
84063 76261
84065 84718
84069 71020
84077 36508
84086 12038
84107 68608
84117 91488
84135 90650
84141 96832
84142 8065
84147 53225
84150 9389
84157 56729
84159 74571
84167 73274
84171 94391
84172 7112
84177 45629
84185 89225
84204 38513
84212 99398
84219 94049
84222 72483
84225 22220
84234 23352
84255 22575
84266 19275
84279 42028
84289 48741
84292 56407
84295 55875
84297 21973
84321 63133
84328 77189
84333 87398
84357 19440
84359 12876
84367 71687
84372 19411
84374 5049
84376 2190
84381 79071
84403 76003
84417 13133
84419 61066
84427 36620
84451 70764
84460 93065
84462 31756
84464 51652
84496 68686
84498 99665
84505 9011
84514 53026
84516 9138
84525 18044
84536 38527
84566 8215
84587 39011
84591 36627
84620 10361
84636 11518
84650 72927
84662 73408
84686 39553
84706 8099
84724 26132
84725 50188
84734 86341
84737 12342
84741 20912
84744 80161
84749 78334
84750 71645
84754 24935
84759 48795
84772 74033
84786 69886
84789 71112
84797 62747
84802 79216
84815 42799
84818 10175
84825 27900
84833 10501
84843 89478
84845 90782
84851 56565
84865 66072
84896 80367
84912 84658
84914 92840
84916 73727
84930 62135
84932 67568
84934 93645
84938 17358
84954 45226
84967 48462
84973 39027
84981 52612
84990 31064
84997 18720
85017 74669
85024 14547
85038 34499
85047 40107
85051 47630
85074 22104
85077 3734
85088 7691
85090 54491
85092 6543
85100 37070
85114 96051
85119 61979
85129 54595
85134 32889
85140 13934
85153 66077
85155 13173
85161 89897
85162 77063
85172 60193
85173 85070
85174 35040
85191 99471
85194 4525
85204 95817
85205 1998
85207 86521
85225 94706
85227 65354
85233 56453
85251 71704
85256 78092
85274 40499
85284 98628
85291 42708
85294 41085
85301 78993
85305 40488
85306 41683
85328 66055
85333 18618
85335 29886
85344 36893
85346 1570
85375 493
85377 43176
85398 78739
85399 87065
85404 86163
85412 56385
85417 40296
85424 29789
85435 91984
85439 15797
85440 82058
85442 50903
85446 31855
85469 20068
85471 87715
85478 54585
85500 98067
85508 86657
85512 47570
85518 45118
85521 39307
85528 36437
85537 86904
85539 79723
85541 10112
85559 31250
85564 66082
85587 24705
85594 28685
85599 35639
85607 64506
85617 50928
85618 33728
85635 54471
85675 94669
85676 93347
85690 72297
85705 89448
85708 46093
85717 26903
85721 87540
85730 17290
85737 46500
85741 78632
85750 38855
85754 16815
85758 10240
85791 43955
85812 34563
85824 26664
85828 56960
85832 28361
85833 25307
85853 12031
85856 59626
85876 44901
85886 75054
85887 82033
85890 49612
85895 40447
85900 40381
85902 67102
85922 92292
85946 30875
85953 36730
85966 13444
85975 63256
85996 29592
86006 91620
86012 86539
86015 252
86030 59771
86053 63093
86077 5908
86079 28110
86080 92131
86121 50732
86125 37937
86132 81153
86134 67683
86139 61822
86158 81330
86173 71768
86177 17160
86211 79980
86212 78550
86216 85691
86222 49865
86232 1863
86243 27527
86246 91721
86250 10553
86254 72077
86280 22160
86306 22787
86313 40915
86321 94851
86327 90202
86343 81110
86361 83643
86368 93646
86386 39296
86391 50626
86396 52457
86416 10694
86426 54313
86437 55287
86447 82618
86458 78270
86464 6373
86483 18572
86496 90995
86534 5987
86546 28715
86549 1669
86578 36891
86599 16696
86616 89281
86619 994
86624 8098
86625 57760
86638 15895
86652 58768
86654 90236
86665 79156
86675 42197
86693 5839
86698 76733
86715 87588
86733 73474
86740 83969
86748 24711
86754 54137
86766 65794
86776 59573
86799 35438
86804 11508
86814 22683
86854 44522
86875 85106
86902 86392
86906 3153
86911 38396
86920 13294
86923 23029
86933 73634
86945 81568
86952 74678
86958 46658
86959 88668
86982 96260
87003 88340
87009 72454
87017 36028
87025 92692
87034 27926
87036 40755
87038 98719
87039 90545
87046 42928
87064 14068
87086 37989
87099 14048
87100 7144
87105 21688
87128 90020
87144 55953
87150 77366
87172 7083
87182 28252
87185 3139
87188 85554
87204 53495
87212 57588
87225 70713
87236 76427
87246 21441
87268 61386
87279 64362
87311 55229
87330 45016
87346 43905
87360 25438
87361 54555
87365 98994
87374 36375
87380 75261
87387 84603
87388 51420
87390 22712
87405 98328
87406 52479
87408 79724
87413 98960
87431 93045
87440 53850
87449 48395
87465 88219
87477 22997
87482 48693
87490 28728
87502 94596
87549 83229
87553 13409
87554 14221
87556 36682
87560 35435
87569 79481
87604 63145
87613 65519
87618 47592
87621 49593
87639 70808
87640 64614
87661 1590
87670 66287
87676 22898
87686 15731
87687 50755
87689 17960
87690 53209
87702 5678
87711 27141
87719 31387
87722 55480
87746 51543
87791 19428
87804 19105
87809 40946
87827 44796
87828 87808
87831 39328
87833 81191
87843 32144
87851 88958
87888 83952
87915 24489
87920 44919
87932 63813
87944 65229
87962 21261
87981 51682
87985 96548
87999 43667
88020 48578
88023 82748
88050 92604
88072 24786
88077 35068
88080 80616
88081 96299
88085 82164
88096 56768
88105 23492
88118 75993
88138 56308
88141 35034
88142 27523
88143 19983
88153 80283
88155 6749
88184 96711
88186 33604
88198 61213
88202 93699
88203 92799
88237 6097
88251 91565
88271 81602
88286 63710
88291 77173
88299 1830
88309 63866
88314 1616
88318 72220
88325 94576
88334 10949
88364 66983
88374 53738
88378 65068
88396 33584
88421 26075
88424 39048
88432 65283
88449 30315
88453 96558
88465 75342
88512 89954
88544 13875
88572 48485
88576 59777
88582 97428
88590 23284
88593 73452
88594 73763
88602 50612
88636 16587
88648 56351
88659 31202
88660 11556
88661 26678
88671 10598
88677 95318
88679 39901
88687 43457
88706 10137
88709 53354
88710 63704
88712 35956
88727 47769
88735 42494
88760 42673
88777 26426
88781 18242
88798 38669
88800 76060
88806 98649
88818 54823
88858 18220
88859 71291
88860 22245
88872 63004
88889 89438
88905 46244
88915 68894
88926 7385
88962 59076
88983 78129
88987 82665
89013 78307
89016 79736
89017 4838
89026 30168
89029 28072
89030 46560
89067 16461
89072 13388
89092 51762
89101 96412
89114 38701
89120 99068
89123 45977
89133 44789
89150 9725
89156 86529
89165 79818
89170 89777
89178 54185
89195 2985
89200 38836
89206 54027
89221 7863
89223 98670
89230 66843
89240 20864
89242 1314
89243 41260
89245 65591
89246 31597
89255 41166
89268 30385
89271 99944
89276 38165
89284 86613
89289 29665
89303 14881
89318 38491
89323 98370
89352 47615
89446 65209
89448 97415
89456 64827
89480 88006
89485 61037
89495 3037
89506 63268
89514 63257
89540 2778
89545 53125
89547 32519
89551 77806
89572 62382
89583 42057
89589 63053
89593 81118
89596 90065
89609 84677
89615 60719
89622 31006
89624 33868
89626 51453
89627 51674
89635 25313
89654 78444
89662 97943
89680 92314
89702 49428
89712 82166
89723 785
89725 49378
89732 19923
89743 37870
89746 2209
89766 75643
89772 78900
89774 13868
89782 14641
89812 26093
89868 56733
89874 47762
89875 5186
89877 44309
89879 28803
89898 83670
89913 49147
89914 79126
89933 83760
89936 58698
89947 6963
89966 96590
89983 23088
89995 65640
90006 35694
90035 20601
90042 98850
90043 31678
90078 14571
90085 22543
90089 37775
90092 50246
90107 55849
90128 50079
90133 71142
90134 1991
90137 83515
90145 31993
90169 15027
90178 17635
90206 64270
90224 38276
90231 67924
90242 24202
90244 5922
90274 74846
90295 51329
90310 462
90316 67217
90319 60548
90324 51537
90326 83046
90328 19466
90329 93505
90330 38356
90338 62801
90342 94115
90344 48965
90372 24216
90374 97046
90384 88170
90412 70264
90425 66253
90431 60061
90432 48092
90433 15548
90441 556
90453 68964
90487 71705
90493 41045
90504 96090
90530 67797
90533 54300
90536 38880
90541 26136
90561 76401
90579 72103
90584 74803
90602 5191
90606 43151
90611 34730
90614 1373
90616 29820
90619 34555
90632 65183
90638 89184
90641 20833
90642 42713
90649 31780
90657 68566
90658 67324
90661 3993
90674 43470
90678 2458
90681 67510
90683 55869
90686 29969
90703 89775
90705 97899
90735 51708
90742 13600
90744 47006
90782 53212
90785 98753
90795 25312
90800 72773
90801 80596
90808 62133
90821 60300
90828 96019
90840 58788
90847 28320
90858 47724
90861 6632
90880 89156
90892 649
90898 69141
90917 67967
90921 32887
90923 85180
90925 64042
90937 71527
90953 8416
90959 72329
90960 75239
90979 43226
91009 69482
91018 93291
91023 76101
91041 45247
91047 73837
91077 54551
91083 53806
91091 26094
91107 36002
91109 35936
91122 28025
91124 84215
91125 11949
91134 7188
91135 9534
91150 16281
91158 11086
91177 24210
91190 2303
91226 13726
91231 71282
91240 295
91244 82219
91252 36646
91279 37174
91281 37579
91292 53357
91318 25866
91367 5772
91387 38393
91390 23520
91396 86818
91398 75046
91433 9868
91435 98095
91441 99302
91494 68704
91499 76838
91502 16849
91513 32063
91515 4878
91518 50343
91537 59915
91543 40467
91578 36232
91592 14649
91615 81483
91622 37074
91624 92316
91629 25069
91647 95389
91672 63459
91683 10504
91691 72394
91702 64281
91718 15824
91735 3537
91737 10967
91740 25126
91750 34745
91751 79719
91761 52002
91786 92444
91845 37259
91862 76084
91873 71174
91875 84177
91882 35818
91883 83996
91894 62323
91905 53046
91908 25920
91913 9576
91941 20758
91942 48105
91947 1419
91959 31137
91992 96593
92004 69524
92007 12537
92016 11295
92019 24721
92024 12434
92075 83797
92076 24007
92087 37230
92096 15547
92101 50278
92102 79440
92105 26009
92115 48080
92124 580
92135 14910
92136 55575
92140 23466
92167 36160
92170 58282
92188 80732
92201 40771
92212 21178
92231 50277
92233 20150
92239 8655
92240 45936
92271 28967
92277 99001
92284 15399
92288 23128
92311 39728
92317 87463
92333 49504
92349 59572
92353 7066
92360 33598
92363 68872
92364 62660
92382 91884
92384 37383
92394 33557
92399 28208
92413 55515
92415 16029
92432 44256
92443 96230
92452 74239
92475 41233
92485 88799
92490 927
92506 6558
92548 54349
92549 82982
92553 40921
92565 20111
92582 14775
92597 34501
92599 9577
92607 32158
92612 57304
92632 65325
92643 96246
92650 97147
92663 51062
92667 88405
92680 92113
92681 93029
92705 16559
92725 18780
92727 44083
92747 74293
92765 65684
92766 66301
92774 88345
92787 55516
92789 23722
92799 1470
92807 19648
92810 51741
92825 18321
92826 35509
92843 51956
92850 42464
92856 93294
92860 18329
92864 2243
92883 24328
92884 43245
92885 19882
92893 69973
92894 27427
92912 10278
92914 35463
92930 43771
92943 7835
92947 13328
92957 17640
92960 73393
92981 15205
92995 3188
92998 85929
93014 14593
93022 55774
93033 86495
93036 95905
93048 81846
93060 94434
93072 9620
93074 40604
93076 28576
93093 2212
93095 2812
93109 74294
93113 3673
93119 26876
93128 45525
93130 73068
93144 94110
93148 15685
93172 61213
93212 48049
93217 48544
93219 73082
93225 38419
93226 2229
93239 31973
93264 5321
93278 98619
93279 97734
93281 17183
93291 21878
93302 27036
93313 28490
93324 93351
93329 92478
93343 49112
93345 39950
93358 62917
93364 86262
93379 77578
93408 57728
93412 39262
93432 64764
93443 71868
93483 87854
93495 13006
93504 4752
93508 38982
93512 98218
93521 65186
93556 53631
93567 87194
93571 20857
93579 24009
93595 38460
93605 27330
93618 35740
93624 10359
93631 56478
93638 64373
93654 47820
93662 18111
93676 90097
93679 33313
93690 94362
93711 32408
93726 24737
93737 9974
93741 32968
93742 54376
93744 6212
93746 78492
93748 33985
93755 90793
93771 4239
93781 36096
93789 13765
93791 13448
93808 18760
93856 85073
93869 67267
93877 40063
93895 16726
93897 88208
93903 64753
93905 33736
93912 40375
93942 53618
93947 50949
93958 98682
93961 11353
93966 48858
93971 43328
93972 46961
93977 58368
93987 74215
93993 25556
94001 31833
94006 87765
94010 14149
94014 19348
94031 26283
94043 67680
94062 73730
94066 63301
94088 87647
94098 8654
94104 27699
94109 74269
94140 56366
94141 51336
94147 82283
94164 93320
94166 84249
94167 62274
94175 71159
94176 60569
94177 66822
94178 15793
94186 26103
94194 88903
94224 14822
94230 98872
94233 23532
94242 82547
94247 21272
94250 64128
94257 46594
94259 8586
94286 98242
94294 36250
94297 87200
94346 80313
94352 61758
94357 43677
94371 21262
94375 92103
94379 25847
94395 54533
94408 69804
94420 15485
94425 22587
94435 66990
94447 42871
94448 83830
94454 30188
94459 69504
94471 17274
94473 67797
94508 21174
94521 223
94531 2094
94539 66601
94542 35304
94544 92943
94553 10684
94559 13479
94561 22102
94565 67854
94576 78230
94577 54709
94583 72497
94589 20968
94598 2318
94609 78014
94613 90193
94614 65050
94620 18060
94635 43300
94643 14252
94655 57960
94665 24414
94683 20754
94688 29815
94690 19377
94699 51746
94700 3571
94709 92197
94716 1754
94717 13468
94726 5879
94730 8599
94750 80547
94757 10352
94758 58746
94765 42815
94771 37846
94775 80554
94783 97286
94792 47360
94801 68980
94806 60343
94833 2205
94839 55377
94858 31001
94863 69514
94886 48391
94906 48629
94908 13955
94933 32623
94936 98756
94941 87451
94955 98560
94973 48679
94975 6563
94981 58475
94986 38203
94995 87138
95030 44356
95031 37806
95036 45206
95041 39863
95043 5132
95044 12636
95053 85064
95057 70037
95060 85625
95067 92986
95071 80226
95077 13251
95080 70682
95092 91288
95102 67527
95127 30676
95133 26172
95136 16087
95147 74603
95152 21730
95159 40303
95183 80494
95218 28633
95221 36228
95228 41987
95244 55392
95253 60662
95261 54948
95275 44492
95278 75521
95280 66720
95284 92455
95309 34966
95314 33659
95315 74887
95326 63150
95337 45464
95345 46157
95346 24649
95412 21037
95416 10518
95462 90515
95469 35621
95474 46143
95478 54627
95499 93691
95501 83225
95504 4953
95513 25063
95556 12020
95567 86874
95597 39560
95615 80853
95617 6599
95619 47834
95628 49480
95633 56730
95642 16590
95667 11089
95676 2975
95686 42848
95708 56007
95727 95873
95732 27713
95742 27669
95744 38988
95745 2322
95747 79999
95754 91432
95762 69015
95765 50100
95790 79905
95803 40513
95806 50041
95811 45162
95821 85400
95832 79045
95833 82432
95836 18950
95858 37201
95865 62272
95894 91191
95898 90668
95902 21989
95933 6309
95956 49960
95963 58586
95971 89055
95983 52749
95985 26745
95993 92779
95998 61935
96017 96977
96036 59651
96038 34919
96051 52166
96066 35243
96076 5581
96124 42883
96140 21423
96144 81624
96145 28059
96147 83238
96175 25691
96178 78396
96186 71398
96205 80434
96211 79978
96212 38121
96224 11814
96233 79280
96235 71625
96263 88228
96265 54184
96272 47266
96274 72568
96288 49238
96310 90158
96324 94449
96330 32792
96332 25729
96336 99769
96357 94152
96363 92646
96364 86077
96365 74177
96381 24430
96384 3203
96397 91831
96398 5652
96399 27390
96410 18006
96417 9963
96421 99668
96448 66253
96465 9800
96469 8867
96473 4244
96480 6438
96488 88680
96496 89431
96523 44834
96532 31862
96546 71479
96566 72092
96568 65590
96582 49998
96588 33693
96598 43426
96613 19670
96633 80078
96638 26705
96650 8856
96660 28130
96666 78016
96674 47009
96682 60510
96693 5000
96701 20105
96718 77680
96730 75502
96733 17493
96737 62634
96741 24685
96750 85460
96757 7824
96773 78588
96775 83060
96797 45784
96806 27784
96816 27456
96823 70422
96837 79113
96839 73609
96843 8580
96844 43577
96850 63331
96854 69942
96863 58469
96880 19840
96887 80949
96906 69496
96908 68731
96912 97343
96919 39694
96927 65905
96937 65250
96957 23642
96960 97464
96988 88128
97021 17394
97034 1420
97041 2594
97047 97866
97065 5916
97067 93013
97072 27762
97077 26797
97120 8939
97126 96261
97156 97615
97167 19068
97173 64697
97182 57504
97197 50867
97202 36342
97234 80192
97237 62239
97245 85150
97248 99784
97254 43211
97276 79438
97285 78758
97293 88536
97340 44430
97352 81015
97363 92413
97369 55577
97370 96970
97382 19829
97384 75467
97394 848
97398 93882
97404 26798
97408 88258
97423 47002
97424 87127
97432 53494
97445 38191
97446 46601
97452 91316
97462 32683
97470 35795
97486 22415
97494 59759
97496 66791
97499 16314
97515 71910
97518 38907
97524 68521
97530 72127
97557 59291
97585 6089
97602 18950
97604 65909
97606 87674
97610 29147
97613 32519
97648 88198
97657 10352
97680 46394
97685 77133
97695 73325
97698 94474
97722 59282
97728 95484
97734 66020
97736 22200
97737 21933
97769 79459
97787 15165
97819 85263
97824 27597
97827 25858
97849 90301
97857 24762
97874 77581
97893 52102
97897 91967
97900 37623
97911 85304
97918 47573
97922 67602
97929 1422
97932 76141
97935 89943
97936 13043
97943 88694
97950 76549
97953 35996
97974 66420
97975 23696
97981 58858
97990 15639
98012 65028
98018 30056
98026 76195
98029 36141
98072 12987
98077 37448
98102 75061
98123 85366
98125 89132
98130 73402
98140 86272
98147 71476
98151 9395
98158 53063
98166 93478
98168 99007
98169 9369
98174 44080
98192 32689
98199 33403
98213 90163
98216 55799
98230 64265
98236 20845
98253 17670
98257 54554
98300 85852
98301 45576
98319 45480
98354 39113
98387 15463
98423 76393
98442 57658
98445 55363
98457 12826
98470 77271
98477 65261
98494 91234
98499 89299
98514 81448
98518 20546
98523 12324
98544 21233
98554 31179
98566 25148
98574 50999
98590 79339
98618 21957
98619 1224
98632 36745
98636 7305
98652 3009
98654 43244
98668 39235
98684 69521
98686 33470
98693 91267
98697 17362
98704 62784
98722 37885
98743 42076
98762 28055
98769 27995
98778 60879
98791 43661
98803 53659
98811 37377
98817 14615
98835 14892
98840 42012
98854 32855
98868 11690
98873 45644
98878 36067
98881 65656
98884 63622
98898 97352
98906 98718
98911 83514
98919 35308
98929 4597
98942 12239
98966 6057
98982 22348
98983 17510
98986 75286
98999 92395
99009 58444
99013 34051
99040 22051
99043 2808
99048 84288
99065 92670
99068 82816
99071 54501
99072 5127
99090 6435
99109 71269
99115 36333
99139 81220
99149 38532
99159 63717
99163 88680
99183 33715
99196 45364
99203 90795
99204 87319
99220 11291
99229 54872
99232 80573
99253 14123
99279 26177
99284 68577
99289 49770
99291 45855
99320 67975
99329 43398
99330 37187
99338 35365
99355 12966
99372 66168
99385 1099
99394 8133
99395 81177
99412 69797
99421 47446
99439 24590
99441 96619
99453 53644
99460 28129
99465 79223
99471 34142
99477 25646
99481 11426
99492 88205
99498 80966
99503 43785
99521 86323
99523 83053
99524 1469
99530 7262
99548 39982
99571 15861
99575 1524
99581 48892
99592 60018
99596 96390
99597 93438
99610 93199
99616 94985
99620 26500
99628 90834
99629 28234
99642 35397
99674 13433
99682 63450
99686 78821
99690 80298
99724 65819
99733 99139
99734 96960
99746 44528
99752 99423
99753 9927
99791 2644
99795 77974
99806 8646
99807 23102
99840 32585
99853 44384
99854 68342
99868 25173
99878 34623
99890 21143
99900 44040
99905 25565
99910 93560
99922 92262
99928 68296
99936 69955
99938 58076
99939 25416
99950 74574
99970 92475
