88081 96299
88085 82164
88096 56768
88105 23492
88118 75993
88138 56308
88141 35034
88142 27523
88143 19983
88153 80283
88155 6749
88184 96711
88186 33604
88198 63021
88202 93699
88203 92799
88237 6097
88251 91565
88271 81602
88286 56454
88291 77173
88299 1830
88309 63866
88314 1616
88318 72220
88325 94576
88334 10949
88364 66983
88374 53738
88378 65068
88396 33584
88421 26075
88424 39048
88432 65283
88449 30315
88453 96558
88465 75342
88512 89954
88544 13875
88572 49606
88576 59777
88582 97428
88590 23284
88593 73452
88594 73763
88602 50612
88636 16587
88648 56351
88659 31202
88660 11556
88661 26678
88671 10598
88677 95318
88679 39901
88687 43457
88706 10137
88709 53354
88710 63704
88712 35956
88727 47769
88735 42494
88760 42673
88777 26426
88781 20971
88798 38669
88800 76060
88806 98649
88818 54823
88858 18220
88859 71291
88860 22245
88872 63004
88889 89438
88905 46244
88915 68894
88926 7385
88962 59076
88983 78129
88987 82665
89013 78307
89016 79736
89017 4838
89026 30168
89029 28072
89030 46560
89067 16461
89072 13388
89092 51762
89101 96412
89114 38701
89120 99068
89123 45977
89133 44789
89150 9725
89156 86529
89165 79818
89170 89777
89178 54185
89195 2985
89200 38836
89206 54027
89221 7863
89223 98670
89230 66843
89240 20864
89242 1314
89243 41260
89245 65591
89246 31597
89255 41166
89268 30385
89271 99944
89276 38165
89284 86613
89289 29665
89303 14881
89318 38491
89323 98370
89352 46528
89446 65209
89448 97415
89456 64827
89480 88006
89485 61037
89495 3037
89506 63268
89514 63257
89540 2778
89545 53125
89547 32519
89551 77806
89572 62382
89583 42057
89589 63053
89593 81118
89596 90065
89609 84677
89615 60719
89622 31006
89624 33868
89626 51453
89627 51674
89635 25313
89654 78444
89662 97943
89680 92314
89702 52727
89712 82166
89723 785
89725 49378
89732 19923
89743 37870
89746 2209
89766 75643
89772 78900
89774 13868
89782 14641
89812 26093
89868 56733
89874 47762
89875 5186
89877 44309
89879 30215
89898 83670
89913 49147
89914 79126
89933 83760
89936 58698
89947 6963
89966 96590
89983 23088
89995 65640
90006 35694
90035 20601
90042 98850
90043 31678
90078 14571
90085 22543
90089 37775
90092 50246
90107 55849
90128 50079
90133 71142
90134 1991
90137 83515
90145 31993
90169 15027
90178 17635
90206 64270
90224 38276
90231 67924
90242 24202
90244 5922
90274 74846
90295 51329
90310 462
90316 67217
90319 60548
90324 51537
90326 83046
90328 19466
90329 93505
90330 45826
90338 62801
90342 94115
90344 48965
90372 24216
90374 97046
90384 88170
90412 70264
90425 66253
90431 60061
90432 48092
90433 15548
90441 556
90453 68964
90487 71705
90493 41045
90504 96090
90530 67797
90533 54300
90536 38880
90541 26136
90561 76401
90579 72103
90584 74803
90602 5191
90606 43151
90611 34730
90614 1373
90616 29820
90619 34555
90632 65183
90638 89184
90641 20833
90642 42713
90649 31780
90657 68566
90658 67324
90661 3993
90674 43470
90678 2458
90681 67510
90683 55869
90686 29969
90703 89775
90705 97899
90735 51708
90742 13600
90744 47006
90782 53212
90785 98753
90795 25312
90800 75758
90801 80596
90808 62133
90821 60300
90828 96019
90840 58788
90847 28320
90858 47724
90861 6632
90880 89156
90892 649
90898 69141
90917 67967
90921 32887
90923 85180
90925 64042
90937 71527
90953 8416
90959 72329
90960 75239
90979 43226
91009 69482
91018 93291
91023 76101
91041 45247
91047 73837
91077 54551
91083 53806
91091 26094
91107 36002
91109 35936
91122 28025
91124 84215
91125 11949
91134 7188
91135 9534
91150 16281
91158 11086
91177 24210
91190 2303
91226 13726
91231 71282
91240 295
91244 82219
91252 36646
91279 37174
91281 37579
91292 53357
91318 25866
91367 5772
91387 38393
91390 23520
91396 86818
91398 75046
91433 9868
91435 98095
91441 99302
91494 68704
91499 76838
91502 16849
91513 32063
91515 4878
91518 50343
91537 59915
91543 40467
91578 36232
91592 14649
91615 81483
91622 37074
91624 92316
91629 25069
91647 95389
91672 63459
91683 10504
91691 72394
91702 64281
91718 15824
91735 3537
91737 10967
91740 25126
91750 34745
91751 79719
91761 52002
91786 92444
91845 37259
91862 76084
91873 71174
91875 84177
91882 35818
91883 83996
91894 62323
91905 53046
91908 25920
91913 9576
91941 20758
91942 48105
91947 1419
91959 31137
91992 96593
92004 69524
92007 12537
92016 11295
92019 24721
92024 12434
92075 83797
92076 24007
92087 37230
92096 14545
92101 50278
92102 79440
92105 26009
92115 48080
92124 580
92135 14910
92136 56002
92140 22700
92167 36964
92170 58282
92188 80732
92201 40771
92212 21178
92231 50277
92233 20150
92239 8655
92240 45936
92271 33882
92277 99001
92284 15399
92288 23128
92311 39728
92317 87463
92333 49504
92349 59572
92353 7066
92360 33598
92363 68872
92364 62660
92382 91884
92384 37383
92394 33557
92399 28208
92413 55515
92415 16029
92432 44256
92443 96230
92452 74239
92475 41233
92485 88799
92490 927
92506 6558
92548 54349
92549 82982
92553 40921
92565 20111
92582 14341
92597 34501
92599 9577
92607 32158
92612 57304
92632 65325
92643 96246
92650 97147
92663 51062
92667 88405
92680 92113
92681 93029
92705 16559
92725 18780
92727 44083
92747 74293
92765 65684
92766 66301
92774 88345
92787 55516
92789 23722
92799 1470
92807 19648
92810 51741
92825 18321
92826 35509
92843 51956
92850 42464
92856 93294
92860 18329
92864 2243
92883 24328
92884 43245
92885 19882
92893 69973
92894 27427
92912 10278
92914 35463
92930 40491
92943 7835
92947 13328
92957 17640
92960 73393
92981 15205
92995 3188
92998 85929
93014 14593
93022 55774
93033 86495
93036 95905
93048 81662
93060 94434
93072 9620
93074 40604
93076 28576
93093 2212
93095 2812
93109 75329
93113 3673
93119 26876
93128 45525
93130 73068
93144 94110
93148 15685
93172 61213
93212 48049
93217 48544
93219 73082
93225 38419
93226 2229
93239 31973
93264 5321
93278 98619
93279 97734
93281 17183
93291 21878
93302 27036
93313 28490
93324 93351
93329 92478
93343 50376
93345 37707
93358 62917
93364 86262
93379 77578
93408 57728
93412 39262
93432 64764
93443 71868
93483 87854
93495 13006
93504 4752
93508 38982
93512 98218
93521 65186
93556 53631
93567 87194
93571 20857
93579 24009
93595 43019
93605 27330
93618 35740
93624 10359
93631 56478
93638 64373
93654 47820
93662 18111
93676 90097
93679 33313
93690 94362
93711 32408
93726 24737
93737 9974
93741 32968
93742 54376
93744 6212
93746 78492
93748 33985
93755 90793
93771 4239
93781 36096
93789 13765
93791 13448
93808 18760
93856 85073
93869 66799
93877 40063
93895 16726
93897 88208
93903 64753
93905 33736
93912 40375
93942 53618
93947 50949
93958 98682
93961 11353
93966 48858
93971 43328
93972 46961
93977 58368
93987 74215
93993 25556
94001 31833
94006 87765
94010 14149
94014 19348
94031 26283
94043 67680
94062 73730
94066 63301
94088 87647
94098 8654
94104 27699
94109 74269
94140 56366
94141 51336
94147 82283
94164 93320
94166 83520
94167 62274
94175 71159
94176 60569
94177 66822
94178 15793
94186 26103
94194 88903
94224 14822
94230 98872
94233 28332
94242 82547
94247 21272
94250 64128
94257 46594
94259 11876
94286 98242
94294 32505
94297 87200
94346 80313
94352 61758
94357 43677
94371 21262
94375 92103
94379 25847
94395 54533
94408 69804
94420 15485
94425 22587
94435 66990
94447 42871
94448 83830
94454 30188
94459 69504
94471 17274
94473 67797
94508 20468
94521 223
94531 2094
94539 66601
94542 35304
94544 92943
94553 10684
94559 13479
94561 22102
94565 67854
94576 78230
94577 54709
94583 72497
94589 20968
94598 2318
94609 78014
94613 90193
94614 65050
94620 18060
94635 43300
94643 14252
94655 57960
94665 24414
94683 20754
94688 29815
94690 19377
94699 51746
94700 3571
94709 92197
94716 1754
94717 13468
94726 5879
94730 8599
94750 80547
94757 10352
94758 58746
94765 42815
94771 37846
94775 80554
94783 97286
94792 47360
94801 68980
94806 60343
94833 2205
94839 55377
94858 31001
94863 69514
94886 48391
94906 48629
94908 13955
94933 32623
94936 98756
94941 87451
94955 98560
94973 48679
94975 6563
94981 58475
94986 38203
94995 87138
95030 44356
95031 37806
95036 45206
95041 39863
95043 5132
95044 12636
95053 85064
95057 70037
95060 85625
95067 92986
95071 80226
95077 13251
95080 70682
95092 91288
95102 67527
95127 30676
95133 26172
95136 16087
95147 74603
95152 21730
95159 40303
95183 80494
95218 28633
95221 36228
95228 41987
95244 58150
95253 60662
95261 54948
95275 44492
95278 75521
95280 66720
95284 92455
95309 34966
95314 33659
95315 74697
95326 63150
95337 45464
95345 46157
95346 24649
95412 21037
95416 10518
95462 90515
95469 35621
95474 46143
95478 54627
95499 93691
95501 83225
95504 5735
95513 25063
95556 12020
95567 86874
95597 39560
95615 80853
95617 6599
95619 47834
95628 49480
95633 56730
95642 16590
95667 11089
95676 2975
95686 42848
95708 56007
95727 95873
95732 27713
95742 27669
95744 38988
95745 2322
95747 79999
95754 91432
95762 69015
95765 48459
95790 79905
95803 40513
95806 50041
95811 45162
95821 85400
95832 79045
95833 82432
95836 18950
95858 37201
95865 62272
95894 91191
95898 90668
95902 21989
95933 6309
95956 49960
95963 58586
95971 89055
95983 52749
95985 26745
95993 92779
95998 61935
96017 96977
96036 59651
96038 34919
96051 52166
96066 35243
96076 5581
96124 42883
96140 21423
96144 81624
96145 28059
96147 83238
96175 25691
96178 78396
96186 71398
96205 80434
96211 79978
96212 38121
96224 11814
96233 79280
96235 71625
96263 88228
96265 54184
96272 48689
96274 72568
96288 49238
96310 90158
96324 94449
96330 32792
96332 25729
96336 99769
96357 94718
96363 92646
96364 86077
96365 74177
96381 24430
96384 3203
96397 91831
96398 5652
96399 27390
96410 18006
96417 9963
96421 99668
96448 66253
96465 9800
96469 8867
96473 4244
96480 6438
96488 88680
96496 89431
96523 44834
96532 31862
96546 71479
96566 72092
96568 65590
96582 49998
96588 33693
96598 43426
96613 19670
96633 80078
96638 26705
96650 8856
96660 28130
96666 78016
96674 47009
96682 60510
96693 5000
96701 20105
96718 77680
96730 75502
96733 17493
96737 62634
96741 24685
96750 85460
96757 7824
96773 78588
96775 83060
96797 45784
96806 27784
96816 27456
96823 70422
96837 79113
96839 73609
96843 8580
96844 43577
96850 63331
96854 69942
96863 58469
96880 19840
96887 80949
96906 69496
96908 68731
96912 97343
96919 39694
96927 65905
96937 65250
96957 23642
96960 97464
96988 88128
97021 17394
97034 1420
97041 2594
97047 97866
97065 5916
97067 93013
97072 27762
97077 26797
97120 8939
97126 96261
97156 97615
97167 19068
97173 64697
97182 57504
97197 50867
97202 36342
97234 80192
97237 62239
97245 85150
97248 99784
97254 43211
97276 79438
97285 78758
97293 88536
97340 44430
97352 81015
97363 92413
97369 55577
97370 96970
97382 19829
97384 75467
97394 848
97398 93882
97404 26798
97408 88258
97423 47002
97424 87127
97432 53494
97445 38191
97446 46601
97452 91316
97462 30276
97470 35795
97486 22415
97494 59759
97496 66791
97499 16314
97515 71910
97518 38907
97524 68521
97530 72127
97557 59291
97585 6089
97602 18950
97604 65909
97606 87674
97610 29147
97613 32519
97648 88198
97657 10352
97680 46394
97685 77133
97695 73325
97698 94474
97722 60685
97728 95484
97734 66020
97736 22200
97737 21933
97769 79608
97787 15165
97819 85263
97824 27597
97827 25858
97849 90301
97857 24762
97874 77581
97893 52102
97897 91967
97900 37623
97911 85304
97918 47573
97922 67602
97929 1422
97932 76141
97935 89943
97936 13043
97943 88694
97950 76549
97953 35996
97974 66420
97975 23696
97981 58858
97990 15639
98012 65028
98018 30056
98026 76195
98029 36141
98072 12987
98077 37448
98102 75061
98123 85366
98125 89132
98130 73402
98140 86272
98147 71476
98151 9395
98158 53063
98166 93478
98168 99007
98169 9369
98174 44080
98192 32689
98199 33403
98213 90163
98216 55799
98230 64265
98236 20845
98253 17670
98257 54554
98300 85852
98301 45576
98319 45480
98354 39113
98387 15463
98423 76393
98442 57658
98445 55363
98457 12826
98470 77271
98477 65261
98494 91234
98499 89299
98514 81448
98518 20546
98523 12324
98544 21233
98554 31179
98566 25909
98574 50999
98590 79339
98618 21957
98619 1224
98632 36745
98636 7305
98652 3009
98654 43244
98668 39235
98684 69521
98686 33470
98693 91267
98697 17362
98704 62784
98722 37885
98743 42076
98762 28055
98769 27995
98778 60879
98791 43661
98803 53659
98811 37377
98817 14615
98835 14892
98840 42012
98854 32855
98868 11690
98873 45644
98878 36067
98881 65656
98884 63622
98898 97352
98906 98718
98911 83514
98919 35308
98929 4597
98942 12239
98966 6057
98982 22348
98983 17510
98986 75286
98999 92395
99009 58444
99013 34051
99040 22051
99043 2808
99048 84022
99065 92670
99068 82816
99071 54501
99072 5127
99090 6435
99109 71269
99115 36333
99139 81220
99149 38532
99159 63717
99163 88680
99183 33715
99196 45364
99203 90795
99204 87319
99220 11291
99229 54872
99232 80573
99253 14123
99279 26177
99284 68577
99289 49770
99291 45855
99320 67975
99329 43398
99330 37187
99338 35365
99355 12966
99372 66168
99385 1099
99394 8133
99395 81177
99412 69369
99421 47446
99439 24590
99441 96619
99453 53644
99460 28129
99465 79223
99471 34142
99477 25646
99481 11426
99492 88205
99498 80966
99503 43785
99521 86323
99523 83053
99524 1469
99530 7262
99548 39982
99571 15861
99575 1524
99581 48892
99592 60018
99596 96390
99597 93438
99610 93199
99616 94985
99620 26500
99628 90834
99629 28234
99642 35397
99674 13433
99682 63450
99686 78821
99690 80298
99724 65819
99733 99139
99734 96960
99746 44528
99752 99423
99753 9927
99791 2644
99795 77974
99806 8646
99807 23102
99840 32585
99853 44384
99854 68342
99868 25173
99878 34623
99890 21143
99900 44040
99905 25565
99910 93560
99922 92262
99928 68296
99936 69955
99938 58076
99939 25416
99950 74574
99970 92475
