60899 68748 98642 98359 60644 26256 99062 54149 46221 61200 98297 4520 83969 78266 16246 95799 38661 43076 33312 84490 19730 79920 73637 87062 13834 45802 11019 52182 88599 8433 51605 21116 86497 57456 37434 1476
76038 62321 29123 92071 71885 5964 85084 82272 90701 88918 23673 82182 67493 78908 86834 89937 65121 74280 936 39495 28428 40069 50582 33330 15524 10887 69583 80151 62617 3029 51682 87981 26646 70056 85983 293
84941 47188 97869 23154 84937 61238 44519 96195 30791 9686 4636 56412 35130 49485 41124 45984 32374 40112 76135 41403 86722 59332 33929 48969 55986 24411 30613 46101 91683 80656 38418 30170 22483 68142 46329 68986
4982 72488 80273 47834 74221 40791 77180 3900 63416 53742 86089 95860 79692 72753 87275 63216 65541 12401 66323 48701 47468 68718 93410 75552 84067 46295 11341 79972 14622 45949 41266 58050 85062 18605 72902 23739
59579 36515 93894 96446 80833 55776 72110 66627 51317 15964 28012 51914 88721 29961 85897 52205 8067 37671 98963 26726 1930 2263 21019 75862 9597 24291 79903 85683 16219 70974 68521 97524 13552 21334 39519 9917
53972 26042 91116 10914 72651 80597 60115 11788 86318 87216 83881 79282 97907 3829 37308 80270 74174 38826 46887 57264 50455 51808 34093 41405 34844 29147 58616 98094 83411 13001 56565 43208 31706 14413 11611 38795
15873 66994 86907 52582 96605 40930 300 2161 37969 56190 84748 7416 23132 6546 50357 87106 55325 73336 98885 77206 70016 99989 67632 1052 21428 40763 73640 12672 580 37779 11302 65587 50786 14787 37414 47475
24454 58870 43819 5125 56825 68166 14955 59019 21948 7459 15907 68897 91116 99597 44614 64926 17750 64918 72521 71798 59156 58341 71421 54838 67579 5269 16310 36184 73126 22331 91716 25082 66454 62115 87837 84878
27681 93144 63837 8052 16432 4506 25152 88608 70052 94549 5567 89496 54863 83439 11916 51736 569 97643 2751 13429 91007 77252 32371 41762 79809 79758 54544 49014 32829 51820 9771 40313 50307 72114 35497 61919
76980 23750 34524 40087 3301 13607 874 3504 86801 75360 74270 84719 92799 50802 68012 3118 5768 80997 48413 44829 51020 77192 41527 9363 8092 92476 36412 51528 70785 88248 23348 69271 5498 14069 43126 97242
70248 53522 35723 72070 7194 46163 40940 69517 25167 44887 81793 65876 49737 33962 95852 72274 50153 38892 98759 28318 95277 40483 76197 37036 45490 48685 93411 91909 76874 56910 66482 4749 36026 20851 92700 45581
38184 11371 4589 55665 34612 70704 44750 79216 35197 64596 39571 23323 38830 16020 41038 64425 38877 35491 72299 92742 93931 12847 56213 89543 74162 53889 63187 41301 62136 61970 66741 36812 50363 53919 80158 52042
24281 69489 78859 34146 70640 87646 35033 90284 33043 76622 43262 5779 51126 62370 57356 25093 13939 12437 86524 26929 57956 77029 73588 77861 25836 31049 41406 43268 9351 79364 78781 38258 79259 36424 92568 4438
60642 65494 79816 99609 38440 54857 50915 1405 36106 3285 4227 172 9064 54779 4429 78238 3681 94528 71284 40961 58976 77555 1135 53381 94968 73259 48655 38861 68079 4730 58948 74577 52076 83943 17518 45466
44506 89179 94053 72049 45796 23736 30495 38187 49959 94057 56003 73506 76383 67899 12141 74139 53632 62013 93033 10195 10376 12915 18015 63623 26198 25095 95483 92715 89336 53476 51025 12835 51993 94366 92061 73668
6019 46337 74208 26552 18188 20200 43747 83185 5668 41761 324 71766 67433 44933 1322 89549 75838 35319 36743 51213 96795 17215 42708 77944 29207 34755 22024 10612 38290 57549 48865 39636 27316 84056 2364 2482
31528 50579 99229 91839 19135 88838 75747 87307 92471 52346 58822 4328 58243 48222 95003 32025 13107 90632 80011 88007 64621 66794 9665 87054 62130 30432 52775 74782 12689 98713 88668 86959 20511 86507 51535 56221
42801 33892 52808 17256 23301 71262 75839 4572 88358 60198 92882 7238 55850 2505 64041 30912 53704 43723 87954 12088 58299 40025 26777 27568 27581 15739 55540 84154 69545 22513 2303 91190 60748 23201 33750 64033
71194 12634 12835 3991 84481 46680 77594 8520 23556 2874 61553 62836 86094 35527 64794 21780 70155 71105 4424 34692 16544 2491 56454 3012 31166 89948 30548 82326 59506 11241 40771 92201 43067 66415 56298 88980
70020 92347 76823 22273 78847 50276 84732 27330 50651 13399 41264 19026 66802 52292 37693 41011 32252 75429 32813 3235 71806 81116 11907 53615 6106 20018 31449 31191 51398 94063 94985 99616 62265 71088 16693 24718
13631 77671 94470 82006 28559 19850 56091 65038 12012 88714 26911 6763 556 41831 97584 61476 79347 1367 29359 51637 21689 48777 27780 49105 36225 82374 61164 50996 44219 66907 20373 58866 20318 92630 44561 75321
5616 11259 78394 55109 25503 76188 46177 10840 22055 2857 98824 65017 31600 31904 97399 77290 24912 12950 25263 11863 66578 45401 59765 17844 21401 38933 72448 54089 78738 77395 29658 35655 59981 80215 13328 40241
13846 75232 52837 23562 49801 55602 12279 36876 68811 97284 49355 98396 65719 17712 20599 23334 26928 75810 76860 97144 82190 52141 40729 49806 45587 58908 92158 95187 97273 65793 78356 56163 67097 99513 16681 85772
47962 445 65010 74181 64656 85702 93558 445 94963 37972 56077 41108 38195 27943 20029 16283 5715 66746 91325 22385 10417 7584 66362 48391 32884 13861 67267 1169 43354 81579 18844 64479 24809 4742 69428 40134
33227 29650 59382 43703 14553 25367 25173 89828 31240 54327 52148 12505 49930 52130 46443 67391 76923 89245 30785 44623 6763 5283 11694 12041 10143 38779 74464 19024 22767 42740 72497 94583 38608 26083 86234 99564
28564 83949 37538 44240 79179 4021 8579 69126 6796 99886 24360 94669 52457 21069 2554 67915 73915 32900 43490 3314 65362 63461 46729 58431 89096 3409 3511 58046 75101 90466 17123 3002 70553 44526 54731 64961
2271 35051 10423 83963 87664 92621 2125 56225 81590 28112 56482 47548 14837 43821 24099 55806 37298 84914 77260 21536 40438 6794 72117 63428 50151 19483 58198 67934 55764 83424 67253 74502 3848 92745 23825 79648
62371 97649 87037 46016 84360 73969 47597 75121 8391 14253 31168 97732 97587 59830 83313 95269 12737 70048 24903 81441 16684 7223 32127 11754 73930 16555 42017 55830 55157 9206 88244 70956 94986 15388 95142 84560
28310 20504 3461 66311 51132 99473 85687 27870 80755 38789 62355 92601 90745 30057 19155 75492 2970 90832 10111 2799 29160 23831 28997 57768 60721 59238 38928 97841 4641 49503 18710 34053 18029 99981 71280 72822
17857 82657 94350 46951 11164 89013 2540 7464 41065 42476 14564 1713 80690 82680 13859 52360 95970 69098 66330 16101 35285 59080 17223 48613 61006 44301 26844 25633 4378 18583 182 73888 4455 70395 66014 81996
23814 80278 22713 56962 18554 91428 26606 60525 86041 38761 42293 706 50832 34107 21489 32386 11313 51087 80926 9882 79799 69308 62380 15089 94487 70227 64281 63668 19222 31003 23563 5083 82199 2613 21730 61555
79394 29014 78177 54781 31801 63859 55961 94686 78357 98536 13054 23118 60669 6527 5158 67543 60840 33063 605 36839 30662 21569 38098 54707 61904 31117 41657 27075 41342 12295 11965 1419 43752 40889 32493 79893
74025 36530 22584 80111 1028 99827 83170 50642 55988 35498 68771 37486 537 54437 56081 71691 63470 74221 31444 35742 50031 80548 35414 21363 30754 20404 54673 82703 95636 60566 80393 12606 46228 51561 51219 71345
13298 26749 72197 6578 82200 19637 4880 87395 22047 17942 1231 61967 73709 72322 53424 37719 50886 37562 87785 34884 29355 91274 66004 33021 56056 69779 41858 38884 92939 55525 57559 47549 47823 50596 56678 97969
81755 88532 73100 4993 1479 78641 32424 23710 41368 21620 82534 40393 50318 63089 31862 29649 47941 19960 92748 72875 18947 70725 23640 2991 44832 64991 24766 7411 48323 14713 53138 25112 96385 38574 67277 50203
77105 49361 76460 55385 51710 47583 63276 63289 58634 27369 94373 41908 46151 64462 40212 26259 98175 19323 82573 21105 37813 50047 30925 67181 52014 28067 40594 87453 98231 29246 86121 13435 27616 52526 75901 34628
55796 73157 6101 12693 73761 98098 23819 91067 55777 39601 54500 89974 96521 42357 29138 29607 97368 16260 88098 78603 14571 14710 60393 21865 30151 8657 42600 79664 70244 69261 32387 32297 66756 54459 32021 30745
93423 1242 54397 22331 33653 13562 99173 30764 5995 43425 86041 46830 9989 75319 32289 83061 50116 41142 61347 20278 17447 27348 41554 99221 18528 1476 18198 26936 26210 28217 88394 799 43930 12569 55215 80651
96061 82779 85752 40273 62023 96166 82024 42946 36292 14226 33491 40953 33975 33488 84038 7041 78299 1242 81055 33229 60136 18313 11882 41464 78838 80825 2237 78129 18553 31411 83288 6954 64572 3508 37517 40603
7488 61883 35876 430 60354 77993 91712 73739 14978 35823 40011 23109 36544 53399 68794 11037 78469 51089 82539 32665 35804 20854 93661 20085 2245 69549 85100 63564 10180 72837 95814 78255 70435 93734 6808 58478
97056 6564 20612 45809 18817 56315 19229 47328 28940 89599 15086 76631 61971 15998 94945 39725 59307 92791 47545 55261 30456 33720 41363 12957 184 2043 42321 88740 11620 80645 35660 42329 87667 64161 46133 61669
39312 98150 35447 80234 29758 43969 91372 712 41891 80252 40706 20286 95888 28213 81536 7755 9598 62894 67078 61336 77271 7001 96147 90400 43205 3372 67686 26778 66174 12216 47334 50620 53909 33178 20900 83008
6773 65769 44918 59399 73394 24685 92578 24892 57064 82737 97905 37172 44336 28384 79683 19514 19335 2423 27876 39053 62292 39290 28742 38856 75736 33139 78210 10408 45684 11033 64621 32446 763 16907 79041 88221
6678 79101 65083 19555 84931 64086 30729 88660 57739 9025 82843 64160 4184 71310 53997 15451 99909 58871 39012 78805 81619 73456 44659 18166 41773 36682 40252 52343 88255 72426 919 56888 6192 46876 17877 35305
83043 79958 10612 1270 29087 92184 69987 57295 69581 78461 81830 661 98363 53701 39166 41205 42404 41451 20531 70687 17739 64576 58019 34955 9986 72327 85628 33480 4315 32395 45489 33132 9580 17318 1822 91865
27736 39123 15906 20552 68931 81731 22136 32427 33976 23760 50416 55060 53801 50306 58316 20048 32386 32734 18268 20583 61426 26116 34800 34219 15537 86463 88886 95556 95873 73153 93320 38075 67088 84990 21372 28927
58263 89727 62949 76786 75822 59248 82865 34981 57796 66533 11949 68337 56990 54976 77483 59004 22480 88148 85713 16034 26764 28622 69531 91102 26390 54640 23888 99080 66869 51346 93972 74428 10768 18711 75803 278
1207 76028 39587 64053 97425 35343 70742 40349 70243 87990 15944 35326 16425 65879 95346 51637 27908 36442 81867 98128 16312 68645 73416 4447 8704 96415 19873 10200 44739 43000 63932 31217 59612 86990 67495 1332
24703 65890 31767 51161 71368 72858 11866 18034 96924 10756 7468 77518 92514 57201 15866 54498 79505 42331 543 11872 76081 19377 80257 6996 76894 699 12654 11879 71579 69109 15855 53322 51331 10056 13490 31258
73556 57115 60971 86910 804 30065 70810 62204 72414 85354 22260 77222 49875 19095 62442 44261 66964 74408 57710 81402 1885 28683 28374 37281 27639 2563 13241 61711 35271 50818 45824 77733 20622 91806 91905 88101
73352 54465 80541 32559 72012 14884 10643 73274 98772 93514 86126 64537 3750 92904 32620 10366 795 99996 67499 37285 43595 47270 26978 95337 9589 41022 67945 86204 90997 11629 28130 96660 46617 39289 19829 31942
46030 71948 91240 64727 41601 89841 59621 84609 38989 80486 41728 96389 18147 84687 79088 65537 59672 94371 34229 95201 83445 75388 76131 82942 36431 45612 26090 13831 32134 36061 20268 36129 16766 89837 33845 14160
12190 25652 48570 53407 37615 91082 83028 93789 78793 3 75075 97361 91045 1409 69933 22409 54779 18138 60545 90924 92505 64012 38283 53042 86992 88785 94961 10521 41543 99943 29995 19756 13503 10458 85610 51940
90790 87266 29781 14790 73074 69586 751 35119 47278 80029 14198 51087 10082 39667 38803 1159 99105 82766 63413 7136 37283 65508 47290 89192 40093 81713 79013 57773 4819 75386 17501 15665 14293 69056 29252 67165
18602 1716 85109 68503 10653 76090 92791 99445 22652 23603 29344 68566 16537 1304 30024 46365 66735 41123 36397 62663 79307 11999 48343 76312 78384 1790 51223 99403 86783 93465 50504 43998 57987 56657 73900 55094
71372 16467 43682 53202 33437 75364 74112 24041 29803 10872 82002 91323 31291 10261 50850 74414 33601 80528 85619 37009 43401 32679 1369 40467 73088 38326 70885 18369 65338 58206 88192 42985 34947 96047 46913 62338
65269 46987 57756 1864 84296 96467 30981 51607 44527 65586 84713 77938 55456 79205 5891 95918 51204 68699 88368 76446 810 48607 23568 45476 79108 71903 54505 87271 53977 7948 36471 39724 67828 42297 31263 60949
61251 41835 1730 16937 19121 79071 80368 36756 97195 14119 16156 89385 6921 22267 34874 15329 8902 9449 36689 44030 73545 89395 66388 69713 92505 75912 53465 59416 59934 65545 98805 20924 98135 88524 43364 58276
15790 23839 55709 77010 15871 16279 80834 13625 2410 74576 61167 40710 97323 21208 53585 67351 98737 51574 63919 44145 53284 27390 98198 89879 3822 7491 32429 66984 59194 40576 22997 87477 54807 68659 39450 99353
41750 66548 62945 42943 56295 12128 64784 11876 52260 83943 59460 64423 32098 55346 60650 73871 53866 86399 62260 49561 88556 32712 36205 11032 6021 29969 38858 45900 25732 59430 64190 63725 50754 61103 88525 58123
59428 3799 77418 11024 88991 9924 93860 27848 59716 8173 1575 86892 97732 6148 70194 86944 87413 4889 79630 97598 22154 71929 32454 9844 56038 13435 28259 61569 65383 83648 8098 86624 47372 59747 95565 67590
76869 34976 66074 64007 24063 61148 66224 58316 67492 46039 78717 52465 75615 90781 47459 36325 26070 37967 96024 62457 44830 21208 79790 92524 83126 62261 59830 2113 57249 48520 75128 72868 70018 1937 7065 12481
7643 33154 93232 98989 43058 62961 93984 26713 3139 76849 2396 75354 43544 11262 23720 37333 28789 49821 71304 90671 55938 49172 61105 33709 24349 88801 37784 89879 40479 41154 66881 34089 25593 51713 38134 55466
16449 61212 75646 92140 52326 91059 22975 69924 86468 90801 86455 20425 95901 55121 84049 619 32684 9591 42164 86924 23706 29338 45883 34552 22084 66590 63268 18597 71013 31320 3456 42508 21612 39157 42983 71517
36291 80535 14576 7755 22331 84989 97230 99675 6849 37917 41326 89644 24786 2828 89534 126 52556 13466 48518 98665 22579 50168 97413 31420 37119 29774 10631 91085 93137 15080 78359 69342 10264 16414 82665 53087
88513 96658 36945 4721 82032 96489 43251 2203 53433 30641 95800 98397 88139 22082 44062 82433 19450 87012 88940 25275 51335 28532 78767 69302 66398 95171 72849 61596 7529 24300 72347 66375 70994 30207 68869 43988
99781 68465 84566 82537 4373 86110 80149 12736 26744 42631 20602 20845 64103 82674 53095 7124 68041 34305 73250 36636 67695 75548 75036 96988 79529 60139 81520 27623 84220 30144 26530 24146 581 74047 97353 53765
8274 30756 12611 97753 69815 64151 26698 80675 51020 8704 34536 61840 21043 73373 40570 75797 25604 90569 60596 31282 82424 93694 60612 91866 17316 11377 95052 30175 28498 60282 22837 13011 54839 97432 2239 8404
28730 74926 86931 65877 66218 16973 18488 94227 20923 46988 59322 61832 95905 23150 90097 64005 46358 92100 98845 26670 11499 81921 685 39231 92342 59687 4166 59042 65728 9685 53722 67616 87156 21480 99138 32963
44350 13856 63355 2212 36042 66596 4563 62430 3014 64545 86193 1730 9927 94152 63552 97096 84176 30549 24958 25729 78489 91720 42235 77858 9575 50698 21710 42085 41445 87539 42871 94447 41962 16480 64715 36915
77769 6244 93518 26832 88028 73354 37960 65114 25695 46614 13829 19605 99622 30945 32360 81142 32082 25608 29882 10915 91887 53795 60009 8828 23880 37587 55461 207 69547 59810 61776 44489 1953 70123 79550 10630
41920 8064 19605 64754 31406 55757 89133 56265 78693 56721 18749 23297 33936 37276 54716 61303 72680 61147 34119 99007 48933 98543 46613 49027 96243 84802 59016 45911 19633 75549 36999 12774 26174 12577 33303 84149
94874 88313 98904 34942 88622 60740 20486 78395 22551 66774 35233 39662 54024 41149 49667 88047 45562 52887 92886 14736 47618 11963 19914 2809 14195 28912 41942 4926 55485 84638 5287 44405 94750 96400 50038 51469
14306 96528 90263 75940 64125 94956 20663 70144 75832 19880 10483 12890 67866 14153 41974 69703 70418 33331 96257 50981 87877 48952 48057 3471 19716 29310 29821 82941 4769 68646 81118 89593 68027 70165 29265 37279
63104 94061 89551 95841 59220 123 35939 17668 63491 14122 97167 91588 12097 32069 22000 26261 40435 57615 89636 88455 39 38185 89447 27529 95291 31686 60964 72977 80999 10253 45060 44638 52612 30942 39099 88101
74674 28292 85014 34841 29910 99538 84839 17707 77161 18372 67674 62812 18532 54293 50180 5013 84611 55003 5586 9862 41772 30427 88138 47903 27575 49824 97542 63505 55817 10592 53498 27629 98505 6580 20351 36923
60376 68487 18118 74478 95024 45484 37013 56336 91332 34816 90916 95564 77967 99829 41191 33853 74 34671 59991 70787 98831 64056 34141 85077 7109 14296 14269 44642 72477 31563 14429 48265 88896 22966 92260 64904
38083 19761 53823 3939 77357 21963 93514 79162 86900 5070 31639 79264 97362 7640 17651 79689 56383 78505 24477 31570 41017 83842 10361 70884 41887 15553 15555 96308 21277 10601 85951 6569 58566 24411 15871 83160
12434 14552 48072 41719 50218 12580 56760 27500 75288 480 3126 55452 74742 57297 52652 38128 20940 87420 29570 64327 76515 16432 86892 47207 60002 92086 92533 57229 6169 80834 69045 64297 73946 30040 78017 14990
2953 3053 12989 94945 70553 20744 87595 43371 62118 93763 47876 28119 59257 74207 12128 482 52932 80915 71732 11389 37723 8332 1425 87297 23412 79849 39542 63783 92527 17622 63712 36010 30841 82346 32591 77932
22430 95678 81709 89442 76380 22434 45010 10955 34440 97338 80352 32179 91422 78813 30493 64381 76526 32773 39063 11156 32390 13612 87276 57570 32028 31465 5958 34475 84854 42756 46003 37645 96892 35834 66336 71950
44061 53490 91203 85858 55076 93444 71723 67545 42264 13504 58292 43133 27580 88236 45512 4478 87518 61084 37450 10355 92236 69735 5275 29117 45073 56260 18433 68540 32614 47864 12906 45879 44835 67419 92229 11877
56715 47582 32049 46300 52162 9230 14246 57586 37898 62827 40390 99277 12457 39012 17411 96897 64775 66223 84192 44172 6693 66247 37898 98469 39287 69895 30981 80735 92778 16267 56478 93631 43016 1806 21393 24561
63636 23974 43624 6576 16568 38298 39996 21131 79183 21748 44584 15389 34235 22455 62221 45138 63329 43757 6668 10753 83127 32795 66190 68879 44920 10084 15916 87190 29655 48631 83575 60030 20287 61965 18909 83489
892 49170 9754 62118 15012 92304 28485 40232 28353 12858 21307 25926 32239 77806 23204 2291 20422 13309 61025 87045 13640 85125 11104 58389 60217 14722 85634 36947 43211 92625 11894 69579 82519 3244 13938 24917
54344 2918 89311 3934 30826 2216 90530 85468 12240 2690 50950 83860 55007 53979 39044 10692 6818 61021 96483 49755 70125 11613 39096 52735 79429 4539 36644 81767 21423 58957 8580 96843 97985 63275 35130 49108
61196 20396 96123 87251 11892 32114 57410 59012 44400 41910 55861 94684 19477 92013 74142 90635 96969 86093 33933 57204 35565 5520 12655 33353 21545 13828 68751 87121 91469 9440 77013 18021 62000 38177 79880 17268
47422 93104 93694 99530 34724 37462 63786 81446 67882 4418 84661 37345 13790 74519 25887 27005 68375 10674 12775 66358 36961 41390 83497 52500 76291 90810 29124 73734 45150 58051 54174 65241 18575 40449 373 71643
63076 83063 87808 71751 20094 98507 75125 53651 57038 29836 12193 3637 67781 75564 95543 94691 4396 8806 34113 55254 28663 16424 40533 79220 12966 81167 52941 86797 4081 15425 49080 25964 72161 34072 52785 49589
11969 32357 1353 28335 8872 47980 52328 31643 75125 60480 29606 42687 33370 68054 41588 6632 35929 51851 11600 95074 70776 18982 885 29137 81218 65042 44698 20313 80053 48107 59771 86030 92646 49968 96840 38649
29913 29644 88631 81069 15549 28547 79226 12384 56525 4855 78566 24497 31772 24507 679 87846 34642 94923 86179 10000 80679 58372 3406 61412 54221 24593 92932 39397 47631 12800 56607 25892 44477 13619 80029 80119
69419 73337 28981 91943 85533 82662 36864 35364 34500 37200 19349 8284 62639 98728 38106 2016 47957 83545 58090 63910 1667 86179 56871 44372 76715 16458 52966 50379 58046 55277 5772 91367 46488 32489 78812 91945
50528 60049 82502 98468 35426 56294 61484 11958 30393 88991 19365 46002 71916 7473 63878 13415 72393 61149 36629 74255 67068 43176 14564 31438 57843 52397 57047 33688 15831 16464 18776 24313 50739 32918 88020 82841
56982 34928 24391 88001 10691 20173 58385 6992 4152 56791 43931 17228 28566 33447 64471 96481 45582 27000 5955 39715 92207 22644 45288 68303 17563 87877 69954 72891 4512 75224 79128 35007 69644 95996 1834 79831
47493 24609 35285 6524 84146 57032 22075 77036 55810 95479 51019 1047 65976 21150 37026 82115 81540 43570 60394 40710 31375 35918 40423 15050 73012 45260 97457 40028 57690 35181 47834 95619 79407 8520 34550 96032
64089 41813 48068 85516 27470 46627 12084 83739 78123 18649 53425 97291 34818 71567 46683 68233 49934 79379 75366 48109 28757 5918 72240 56019 66453 76730 18663 56094 85861 87824 85967 49862 87156 37333 703 45553
11070 77923 78080 37856 49040 1938 41363 42108 92942 50436 96784 89825 54670 77837 61834 7596 12132 87774 21710 64005 93085 94140 45281 18179 46133 32200 73756 15347 38919 3978 93482 46080 8595 27070 58288 95371
56281 77170 82544 30034 11973 35055 36912 3701 28679 49258 92619 98321 93662 34148 4423 20330 25399 57111 91721 39234 68472 94071 71889 6394 138 18013 87849 26384 73508 82401 99658 82684 56249 52715 27182 98234
17249 49715 85456 40785 43112 77440 13449 93343 42905 7896 25750 41869 92172 7366 59822 68038 18546 80773 70981 66676 41016 6237 24098 16608 67661 3691 16115 15864 29355 63649 1735 40675 9052 82689 78614 66230
29136 22095 23812 88488 39000 73249 42309 76367 42655 49228 94030 32755 37532 74318 25214 27174 99290 43113 83717 65726 36310 24523 38544 93956 14354 92710 17731 95297 65702 90813 66581 33826 87489 97617 98785 9252
82084 59854 70271 40035 58887 64100 39767 16491 6275 11151 1268 39979 35408 22155 76858 36079 99825 1143 41206 51576 61818 39147 40563 6522 25500 96377 68185 2531 20340 30636 71166 51864 66199 31817 80275 59648
89849 86649 3740 84641 39568 74688 46049 41576 86060 6837 92136 33899 25069 75627 28067 80181 49069 26800 64870 2369 37724 39906 71119 18543 97330 10026 78754 57285 35071 90019 46118 15443 28258 88227 73933 1168
22121 61468 82777 38255 39899 49768 54897 50062 56330 83091 7231 43716 26509 88016 55193 72437 31091 73088 58562 18409 75505 62196 16100 56032 21472 13121 90410 98893 71938 92750 92943 94544 12844 75625 50604 838
98745 73056 36957 47250 96228 61861 29167 52937 3190 17898 47588 9449 59583 50619 22597 30194 18690 18013 96325 4543 54510 21111 3986 60123 29111 69785 14063 33569 48918 89856 40303 95159 26605 95045 93476 42315
37139 76596 50410 7954 6075 87056 94555 15767 93473 47532 41887 10484 87097 39789 90982 53069 81064 72877 56649 12253 90933 27871 10356 9580 7780 10843 17910 17762 32611 96565 35739 16974 89668 65042 91610 62353
82022 67784 9798 61970 11674 20975 30551 68024 43695 21984 6423 36249 52278 45891 11287 44405 28536 46808 78125 58534 46929 69709 24030 93483 71983 33160 15063 89931 74687 31595 81561 21774 32822 83157 50768 50867
7363 41503 13568 39785 4111 38613 9489 65783 47953 35087 84641 9102 22856 96331 85132 65102 41306 41877 3014 77136 19907 43580 90077 37505 23050 44670 85391 24742 92784 61900 40942 38559 68538 40500 89698 26176
61833 19124 85365 64823 28716 19061 66293 54066 15043 5709 62073 27419 77376 61929 17179 27731 89435 51410 81487 46479 79771 49576 91169 84009 69286 74441 31937 27978 75155 11398 48342 9314 40451 36011 28079 47025
42077 53342 3834 95713 42953 66154 37523 21446 49075 43176 92688 38053 83690 3164 82569 75768 79997 52009 24010 8939 44838 51918 13039 46573 81568 69752 89443 1035 64059 26077 60199 36104 56375 19872 71762 16758
50950 66650 3095 22248 21633 81996 91115 47302 24994 36431 58328 15673 54687 26036 69853 80435 65046 23542 58564 55099 22458 2828 3532 5848 51645 27481 19861 86599 77200 53457 27330 93605 62183 40832 81462 3818
78971 46735 55269 57548 84737 39209 86896 16159 20626 8858 73762 42230 55169 65353 65372 4230 66310 30259 8929 22564 98816 46809 12698 95940 30128 46966 10798 87854 33178 76236 60962 55684 27846 63779 48239 60310
90122 53788 58110 57642 80156 37361 83897 25512 21124 87731 84189 14893 46905 50516 99529 12713 55961 26278 12585 15585 92736 64070 94467 52281 75595 83517 10173 82980 2760 43424 48115 68048 31386 67024 34805 41300
13006 29396 55161 6473 18458 75432 51957 54972 43039 3500 4693 18468 28327 68530 56476 77113 61800 44276 8095 50839 83195 71654 20238 90002 39360 14415 20491 11232 5704 63902 30124 37704 30599 18957 35010 89813
80383 66600 94208 58029 53028 59820 95948 56397 98991 89080 93435 32587 31805 71971 59702 18042 27849 71098 91859 73469 48785 72830 79407 15495 33374 34762 16988 91207 95552 82549 92909 25077 33439 73209 79871 43993
22380 15529 13309 25053 33063 76080 5026 28641 83963 33947 98725 11625 4823 33731 6439 84169 35062 30332 14257 1376 25148 26374 82751 39570 22430 84544 68479 48294 68106 99911 88684 35287 19282 89395 34225 34405
90120 83102 43419 48105 66156 88395 52923 63350 28453 41092 50268 1863 49476 71409 99037 65179 17221 85864 86871 23289 83474 44527 75468 63363 13996 92306 2303 88129 85512 81867 92912 60895 50339 12166 87386 98162
27727 68458 94916 65650 12246 28987 49781 61339 98829 39282 6598 15014 62195 72039 46884 52551 86735 24704 30223 6188 14727 76292 23008 93331 14018 68391 53008 61331 43748 30053 44531 65328 1280 16722 29912 76152
37466 97171 89641 55381 95147 79723 91720 73681 73979 74294 87351 49815 17002 20422 12707 11443 73669 19458 92255 20794 76170 92535 40465 3732 96490 21128 13791 74126 23793 9924 81915 38399 51113 92241 92607 77101
24794 22775 72021 99579 32418 34494 77864 39866 90963 52995 28802 46844 23147 42981 31339 94417 42801 1608 19271 76390 87715 20269 58019 9269 86406 73194 15439 69351 78119 61063 70115 69919 9111 27296 83607 41237
74704 15085 11529 15576 93253 29997 61398 37789 81381 44571 89151 75426 91317 24251 18892 90556 59850 26927 98262 12416 95098 89348 15151 65974 71854 99247 65009 48686 77763 2572 536 55936 74106 81564 14487 46502
1421 83494 69602 37424 65503 22483 90056 75466 96843 12381 92594 4236 6857 58569 35591 24192 65061 16269 54266 28006 97905 37234 1177 55371 41752 24727 84291 79297 50387 9985 7066 92353 31305 67375 60747 33723
36382 60399 69737 5462 93355 44966 68848 21650 24749 7788 17793 14829 39953 95792 74343 75889 15064 90982 26799 97824 50876 85878 48336 72732 8870 20469 8165 44571 36886 12697 22712 87390 67034 44144 13656 58844
35731 14884 74197 65444 76142 98281 24496 55742 85927 52832 78951 90703 54481 93851 74048 91525 77449 26366 25651 18180 91194 54127 84180 3724 23085 97919 24686 31996 56288 75660 78456 36153 99262 84260 95241 13156
77317 63567 54838 43566 78829 55936 18642 62921 5122 72123 40474 10300 12643 23452 55918 21350 89187 70989 16854 32161 40721 76371 85092 33643 55302 6210 70540 5734 27310 27632 1624 32131 58777 12827 71627 23125
71548 38690 45000 19714 96318 65560 20057 61507 31912 18956 3681 76068 1461 22459 75866 70918 74732 49667 27664 85567 49418 7086 48220 8933 33465 14705 88562 44300 82321 45293 28130 54529 13002 46535 88120 48948
36215 18879 49293 22706 82232 66965 97706 70170 97798 27741 28997 83506 81852 27497 96072 81132 44438 83173 88948 55742 53211 53899 83175 2332 39272 22459 98214 72840 18045 2659 11183 57582 54753 14188 60652 62418
27983 45043 80783 24849 10684 70318 72223 36513 50040 82782 98723 67898 14977 78793 43243 10770 74343 94767 2435 49520 86639 44063 66241 2418 27930 54206 91104 26929 39551 85219 9800 96465 64869 37063 7521 17663
70981 30646 79442 42075 60117 25207 33449 56772 65294 97454 41092 89475 25722 32153 10551 79677 52031 9041 64331 89504 65889 31284 95968 70691 11155 93487 62141 76063 68285 44428 9292 1683 99587 77401 86165 15624
40514 99702 79561 1453 70542 97286 57604 93899 83286 67961 94086 5997 74335 9843 74922 43692 70816 5572 58122 97109 65211 93833 27769 25058 350 90734 24409 63663 56896 81606 15915 34133 75622 89271 18762 76156
61787 12161 20180 87997 34976 2900 16146 93205 71071 7588 75605 96955 99236 41776 23248 53200 41680 30058 18776 51353 50630 31972 68101 90277 5671 78804 67875 99163 25336 50792 91601 86496 21157 75176 10298 70202
4584 56427 47656 56046 64507 40592 78657 67686 2499 93571 73124 94793 87582 73020 59903 62973 59262 84698 2085 92154 6573 75394 27826 21776 81507 67585 71952 67556 40585 74495 71040 33206 46049 63019 65956 58251
25064 83055 96897 57770 73697 23334 72094 66651 94988 67352 57611 63007 7879 68144 75701 9816 76567 84058 52558 73282 30187 4251 94668 22873 57670 17930 29275 37681 28519 44872 18203 20484 62857 76602 20577 69003
13855 37713 96247 37916 64997 49323 26971 60394 59461 80492 26009 16102 59988 31590 14237 50134 59529 24053 46764 7797 46216 76933 98909 84415 11609 98126 20224 8689 25079 16641 76647 5376 10820 64544 76243 4190
62796 80063 7147 19452 39338 10223 34185 11936 1150 2088 46808 49523 87487 70490 22859 45300 70885 3235 74893 89460 42760 4381 18695 60934 78796 40319 65420 92779 4712 93771 73183 66320 12680 5521 93869 16816
76653 17749 31465 84313 51789 87672 47883 51136 42405 39964 77001 38465 86452 70746 23622 63917 85983 40577 5473 69249 75245 91936 28922 91890 64551 7103 11243 99436 33875 52241 66145 40606 37158 21723 12865 42533
98586 14809 77451 10853 14800 42317 37409 30806 64021 82853 89361 40374 47395 26373 28736 56196 97915 69810 63878 76592 93603 56656 47864 88138 32776 94930 93634 22180 69741 47270 83969 24815 13600 13527 47478 34744
72830 42219 6663 919 19952 63533 81517 53106 19680 46095 40831 61373 24422 94983 97223 88456 26134 53749 48136 81601 44909 54250 49532 42742 52288 32332 10665 24078 45925 18998 47031 7181 2825 76856 83865 12508
15748 88251 83085 90985 530 60435 78474 2555 90116 85482 51209 4894 34268 40673 52268 25105 7717 86308 28539 95062 53622 72005 20480 92616 34681 7822 62874 46564 47300 30154 28129 99460 99906 11193 88851 99403
51056 23510 23743 67296 33124 83171 63448 8066 6026 54876 27132 46690 31706 41782 35642 42083 96756 34556 61884 40332 57917 64043 96942 47702 31166 1156 12723 66751 59430 88457 84653 49364 25121 84949 74731 44904
73221 94511 62966 60647 89836 75790 89263 57100 20816 35093 86464 99065 59030 26103 57010 66385 60004 98143 46950 86073 50860 56329 75012 66436 15342 91865 65929 68614 90346 62590 10137 88706 31900 23872 72386 87425
93905 564 47678 34931 14435 20557 89620 98256 73625 69126 26854 34596 66821 16133 50451 40298 42414 66461 57167 2038 4230 94599 48369 3154 69725 19914 95306 16162 27929 48640 1036 68793 6548 90447 97308 31344
43432 99429 59424 95839 12777 28876 391 26681 73468 75856 85665 15072 82928 3453 24291 42777 26635 64136 52548 19334 20783 80952 63868 6789 98676 88312 65333 13302 59388 92894 28868 14935 21655 13210 73763 71769
23995 53573 77360 41208 493 64624 24805 67147 11944 89525 82649 89570 55404 42528 160 2496 84503 54909 44952 68645 9498 36322 85341 91301 60611 66453 21405 29625 60177 57412 8406 73941 48112 67023 1643 11563
61061 80352 8145 41901 59633 90710 67746 92017 59206 48453 9478 47035 98602 64382 90909 839 33857 42083 88293 67378 55487 16978 39573 84712 15165 24656 93731 33751 47246 48041 14020 8861 88449 89306 28889 69223
879 42584 56903 74093 57252 18552 867 18521 92992 89496 52592 36919 91784 98276 33061 71061 47015 93537 84568 72173 20318 13436 38113 79125 28592 64716 83564 57561 35977 55468 1373 90614 93625 30612 63424 59708
39718 20767 70761 33959 54867 54709 2971 89880 49892 36327 41161 4506 19227 3431 66377 5935 3231 90594 51533 30947 56663 17005 65614 48904 61308 66878 84969 87450 50891 11742 3597 33227 71626 54508 13279 15102
28493 73718 72780 51788 6872 3671 25084 91087 10263 72558 27397 52253 11353 28180 94035 77038 56595 63356 10011 89138 91522 80706 6669 94169 82837 35023 43426 75549 44098 13202 41773 67312 74988 96649 55329 18625
58297 93384 17586 39430 87018 21239 86880 23567 17478 97423 80334 98343 59240 98911 96651 15117 3863 90284 69726 94504 89137 9428 43202 30847 51501 87404 63815 24164 43932 24001 86684 17212 70263 30893 70992 96373
23734 7030 54015 82918 37204 57919 5582 24945 53360 15319 4198 34422 26800 86442 58281 5320 68585 60439 78796 94603 40323 15879 49853 4543 13095 88144 97556 6446 90168 51066 16580 66938 44987 335 72574 52165
61023 19910 35241 43493 97050 73321 64157 19463 29961 5095 69658 70510 26106 19634 32822 73936 95446 75355 6941 95393 97908 48993 52005 13965 3878 35447 6252 99498 82400 2867 19428 87791 40787 83120 31437 63948
32187 75070 20098 78661 64724 55017 15989 87329 60976 23066 19537 30101 89073 91217 26467 89632 15938 90532 7529 17098 87589 12503 59333 15175 39820 68305 83879 41274 94623 86520 42039 45006 66934 95172 61062 89867
14823 51325 44040 41588 95323 20211 46438 40404 62752 70543 18467 38343 27272 12775 75410 62764 90107 82185 90588 60651 28913 33038 15955 35976 6500 25975 70477 97950 2955 78226 31898 47435 25371 78279 87530 52737
28738 34841 5890 1601 75954 48475 93679 15013 2178 84039 63782 66991 16621 5527 9173 91073 61121 6667 71972 1194 28271 52618 54685 3846 81247 42424 26447 30758 84047 40806 90641 28308 23966 87075 42000 74058
13370 70007 18761 96234 44443 22467 94528 41187 14482 23349 36537 9547 28943 7832 14249 2376 11155 18271 57916 24275 1998 11123 41283 85551 15500 48138 28386 3890 4920 78940 76427 87236 65807 85966 65102 35243
44571 70743 16961 68085 89309 18258 1024 17896 64416 97900 84921 43686 62120 58951 40489 9958 25649 80658 28218 92991 33848 79232 69858 77406 72469 65017 10278 25318 1240 51960 66253 96448 78397 51903 13509 60109
51366 85720 85244 4941 71698 62363 79504 46480 96404 25008 39628 61881 92006 9258 75718 15370 52995 9828 71928 7777 97884 56431 93976 91070 40303 85970 23389 29078 20500 80056 50528 43484 11557 84353 32900 39150
29065 51415 28837 32118 1524 19907 93677 32554 56715 16356 84288 39495 10700 81803 17039 96053 55975 12173 89546 30876 56658 66187 44071 42359 52099 58301 7850 67187 47093 46223 93617 4159 4885 17301 39172 16690
49760 1513 95519 11513 59989 89148 88033 14148 1048 61747 88721 37715 70820 73154 19924 46783 52727 24495 99475 49399 24637 50386 34108 37121 77685 53203 21979 21769 38553 12934 67324 90658 32762 42680 44952 53559
91412 93083 95748 55074 88938 6318 57700 9563 75002 20351 15457 96395 94132 6331 24865 32258 98802 54486 90304 15340 5532 11953 59982 44233 85708 70769 6459 41065 82794 61250 48339 78738 4917 72621 37676 30474
26738 65544 14349 33348 38771 4348 4334 47908 635 65125 35999 50367 52117 33776 13545 23021 38191 32195 62310 83089 29405 31307 90992 91732 88305 68721 61872 16741 26729 6021 65403 49097 93273 21429 21307 42772
52935 48388 78013 264 63159 31999 77739 99422 14390 22168 60405 5966 23347 37040 47161 87791 13463 84481 26723 35872 82694 81799 79178 94321 98455 13237 96157 44361 59906 11547 53402 10690 81313 51127 74493 25159
35423 59337 49334 48780 70885 55449 36266 56436 21160 23724 63998 14319 73843 80976 65140 22174 11080 96362 81705 23633 87867 66557 84717 5359 68478 60658 40026 28685 43317 5262 73754 34800 40030 5481 51979 69542
96110 94277 81319 39934 88205 32381 56187 15515 5370 66600 90004 28710 85408 68422 73672 20286 68831 31389 80699 86077 71251 68458 37071 14670 6555 60962 81739 22559 73647 64083 81783 12171 86114 17305 99811 19611
79537 7031 83959 63710 34317 72366 73039 92170 23134 1527 21371 11364 78269 86164 42931 84938 55858 97746 85662 14389 94560 79863 47032 82371 71434 67213 23891 79763 34033 53042 55625 29445 41924 68121 28359 70620
17240 23161 36002 69180 34510 93259 49007 3851 70549 52495 94820 24974 16417 4015 92452 85121 78363 6055 62347 32784 98176 25408 78165 72969 26118 50863 69744 41883 64875 8594 79126 89914 29445 4754 62748 37073
86337 19838 62875 81957 74091 51035 20794 68113 27017 91583 7846 89703 47638 81382 10590 55821 37523 16335 28441 45818 94857 13763 7896 27717 75575 76120 17908 71143 79739 84027 43031 42730 69458 92542 89810 55221
87113 63932 11421 50696 74440 78701 84416 43890 5172 35317 25585 28662 9864 6481 18421 96286 88557 46926 63833 32319 67415 40055 88974 27169 63289 37350 39369 80926 64453 20214 12966 99355 16552 80614 57507 20894
41475 7291 91232 10164 69014 81470 42651 27150 4753 53051 67331 1302 44518 19763 47719 42036 94903 88459 51707 54778 34465 79762 76438 66552 52037 82778 67422 54121 40927 63292 31693 58963 9891 15767 58517 3997
12295 34647 41850 58882 94556 34759 89805 84599 11302 85158 4375 88679 51077 29886 9907 95211 72714 59062 36911 69937 41866 67898 32390 8583 38815 60358 40346 89525 79902 26776 613 13610 50490 84789 64253 25944
87577 5391 76216 20368 74511 60590 14067 26583 20425 60058 64018 66897 18868 16209 13027 69845 66271 2403 27221 39934 34254 87179 81273 97968 47333 32066 45404 30589 19750 39297 47446 99421 66191 68497 87781 15569
17933 83769 33539 82543 10450 77817 49610 28995 3386 88326 10508 44732 89073 72054 51011 82455 38943 75719 48253 49910 58571 43206 24366 85747 52 87158 14221 22629 25049 33510 15308 78394 90217 64194 75922 39968
28952 96765 21056 50118 3487 25122 62832 47564 40947 6070 68546 3986 17074 38427 1945 86097 26520 65674 31753 278 44499 4611 35398 45207 38266 98934 40780 15015 65143 20255 5875 17362 39919 14788 10361 3642
43084 88243 97526 21992 98161 48580 92897 76865 1127 72692 68979 12718 62712 22177 51691 93546 95653 11671 91167 97086 306 7432 94270 31208 38200 30379 1572 65331 60813 6726 85150 97245 87174 93345 17920 78390
20819 1960 52481 35643 6700 35436 19473 83211 62109 98861 21673 57302 28253 27763 76245 38323 18604 91338 53361 90162 41845 35046 23052 31222 48505 98657 52463 61346 3708 23223 92106 17120 27089 9140 68425 1980
20974 69291 8808 93528 49926 85556 31190 83879 93605 66540 95530 32337 40315 22641 55904 52531 50572 35377 89553 35853 82380 27177 21236 233 84665 68614 64816 9123 82328 97088 74801 12149 53070 87200 19979 52764
37293 46771 65841 22805 74155 72241 54527 43668 22960 81557 41885 40240 82007 19238 34921 75384 54214 58876 66398 71489 1302 25776 50202 76673 78175 61476 38304 43987 9768 70796 48408 13615 68902 12713 95905 10952
23992 20167 90044 71335 27794 83157 34103 78801 79334 14752 51375 16975 52544 39092 74815 19722 79630 64514 13076 29381 60491 14064 45118 92956 87279 87115 79016 53238 64165 24062 44667 57624 42822 56623 50100 32052
31768 21444 60938 93176 18225 79790 57309 19201 59500 92418 92730 68976 78600 70051 97206 68463 64599 93885 70291 68885 13761 68616 49531 51142 1184 15936 27694 82722 94562 73263 14415 29277 36463 14252 2665 52972
77905 22996 45004 67609 43521 10381 61135 30469 94135 93551 18042 80810 47085 75097 32039 89914 16295 78781 61030 90629 79711 35045 87044 88893 7698 54014 17265 2259 42556 93568 65918 8252 26235 7319 41854 36426
20645 70657 15328 7169 2860 51758 37476 8802 68875 65543 44282 77867 95011 63069 45298 12896 85649 40703 10314 80349 95767 76152 5580 11923 37867 6460 8007 46707 91581 98487 35849 48884 31312 6308 30965 77772
6645 35120 85002 9904 92461 88743 11537 39165 71677 87353 79380 94032 56262 57214 54554 79476 70111 10431 27195 3329 85346 56378 98339 33719 91394 48810 19886 27643 99906 88112 12094 442 28555 76508 65319 53537
55080 11846 61670 83900 95183 29306 64122 25582 59898 75278 43056 44347 76823 44124 94086 87870 19533 50844 81703 28211 18437 14943 34655 95252 67097 67439 50745 32850 70983 81309 95100 77485 76452 86791 19449 13287
18606 63276 15997 65082 90959 99525 89561 61589 1812 55768 87587 59102 20375 65724 49979 88688 93976 76463 53890 32767 83462 41520 1556 33675 45166 48597 69677 92187 9137 22103 48780 6056 66689 35421 90728 26692
26312 32533 28815 16011 3906 55718 69899 88691 43981 26678 79021 59980 36330 58737 29951 23569 60367 30141 91422 94565 69595 7886 51829 61440 88524 87359 44684 23315 3052 36950 41679 78250 64952 70712 6834 35270
18524 49267 78102 45998 83228 3389 21481 25063 45977 64919 23187 96687 54708 3078 16192 56634 11070 76460 3966 75397 67953 30556 42144 37890 79230 56559 3805 7887 64773 50585 77173 88291 25033 26474 60756 44361
52546 33103 96065 11807 73199 13813 5726 4868 20869 90112 30631 78570 72524 99072 81670 51488 80605 11512 90600 96417 83265 21902 24029 85213 29870 31056 29128 59160 84940 12672 18436 40671 95315 39552 75208 97155
26110 53026 55214 97175 90071 18777 34 8526 8331 52575 68352 87 60044 79089 91694 97194 48093 42846 437 90713 59523 85111 60190 50284 94044 47172 29895 22639 69912 76063 89952 53155 34720 45445 28893 6246
71652 23855 55410 168 57384 12268 61885 305 41573 60515 51473 35328 65316 21212 50330 90303 71462 60699 64958 89198 20107 74111 14623 45770 30011 90369 16429 54917 93700 27317 39865 52186 45134 93510 20149 1015
93715 75666 67542 57167 3474 54091 10746 92483 24911 34337 9448 77967 79006 631 86949 71922 26675 93975 62801 36835 92799 37931 50035 5602 63704 86689 23876 2372 93516 5049 10352 94757 46721 66539 77773 51312
73430 51761 57615 48590 13519 96753 22269 36763 52470 78166 22941 74139 57246 6683 58544 66776 17641 1035 6881 50879 63732 13737 25679 23296 58792 24179 34570 88655 23327 37722 6520 46622 80098 29061 82819 76988
49312 24931 92366 45442 78315 81885 74985 71178 92323 3875 69647 6988 96008 85555 59442 26281 31828 2058 35336 41920 82674 62168 32725 59268 83136 72227 65271 69298 69903 77815 42565 22043 32446 18775 9585 41577
23614 17126 4279 81942 84612 22279 41543 14828 1319 28914 30797 6633 46753 54853 50056 81565 12030 84331 27051 8368 31654 90383 8770 1718 12414 63045 99689 76298 90559 81587 3743 87560 82121 95148 64966 53597
4651 22103 91850 1638 13740 91880 37987 48948 54861 60386 25335 25836 81583 64608 56624 76307 60946 69396 75871 40861 60440 4069 71470 35100 8336 64858 11394 72007 72559 52228 13546 75580 6187 68455 40019 68264
27501 48634 93657 67986 61234 15475 45972 91216 25815 52902 22737 94512 16633 78496 72989 79399 23079 30545 88481 11333 25671 52248 2841 21246 88040 18690 4509 14970 73625 53238 90261 69741 23885 45402 57845 16361
7310 29369 49797 79418 94940 38090 70391 82527 58000 1730 72731 60332 36776 53570 59223 9453 24891 25734 29216 32688 67564 85591 87339 4463 68902 59794 14388 78171 97427 64605 89850 70322 33265 38474 30700 54396
718 51909 72332 62530 24913 93442 98343 43940 25779 95051 4386 97305 39725 18109 97394 45075 87875 72858 52322 17721 8963 27019 83321 73363 56707 54973 42920 28804 48612 76047 45181 66181 65947 13228 75560 24691
64568 77431 43647 99459 91317 36208 47373 5361 80482 71823 61437 65113 76309 94655 37801 75106 66672 35347 7520 71898 48736 67763 68964 38367 49185 75841 60673 45418 67930 17323 39496 53369 38893 20888 60262 19818
15034 21062 57887 80930 93774 54871 3137 82742 87259 32387 46766 97329 48890 86769 20922 11582 20304 79560 51886 85711 51848 71587 44752 61132 62219 60477 91803 29398 94986 75086 99197 61848 23140 66436 47409 79512
98774 50196 59134 5022 39106 98105 20437 46636 53729 61477 87821 15169 48709 5423 20668 50659 83814 85193 28236 77604 41889 28020 8745 7172 92082 67039 77271 68920 71283 14039 47517 20590 92036 12375 62383 90038
86225 84860 44243 82319 20427 97800 21477 9527 65243 41942 15154 94197 70461 16928 26361 92841 56376 7228 76468 31909 16743 52441 94596 4247 76395 55598 58275 40481 78187 38014 42394 11889 55491 44813 40169 99010
59715 67591 87009 67476 50214 91451 24968 88236 24433 74240 85574 25595 93836 56843 9203 28611 994 45329 34638 77668 90210 85246 56314 95240 50722 5008 87493 31668 3665 1337 11690 98868 64010 80486 93031 40211
67120 10224 99137 79111 86952 93098 34421 7279 23410 22828 88792 96229 91304 77067 61981 5568 42533 38239 77144 81415 11685 70048 14818 41137 11717 20702 28378 4905 61900 74694 54373 15092 88058 15160 84037 7705
83966 51645 92222 97152 89369 45235 90121 47956 2853 81894 32205 53068 89961 32254 87427 86559 55668 51247 58058 8562 72386 62693 68240 12320 16557 3571 45257 41454 29106 21213 92323 36999 97814 19422 98361 66285
36612 51556 97266 62603 55351 96270 25876 17889 24266 37461 99916 31313 42870 74576 13727 70809 27725 5873 61720 27038 13522 92710 13926 29324 47187 79572 57909 24855 20371 56064 67604 35562 9271 40355 57108 2959
80057 2876 11357 7380 88323 12366 27863 18620 63496 2284 53652 1459 42910 18251 50038 92069 28552 44578 99342 75813 12531 58374 23186 85694 93935 51183 49250 88848 25116 51194 21262 94371 52241 24617 11676 18039
39364 11106 76638 90812 19636 21207 20117 60267 99063 48097 91979 28604 74137 90347 60582 16257 8557 97588 6370 74796 43574 10606 28095 24883 32897 13611 80724 11934 33131 46178 39277 82247 828 85817 75967 32478
90180 76882 23580 46430 10424 81759 62477 83730 7197 282 60493 42524 2861 50054 7907 59542 3453 89265 6669 89406 74908 16325 93808 34547 87728 13605 42178 20883 69803 1994 99282 45747 27023 6883 3481 50429
96700 19888 86386 41902 13931 33358 30705 60750 3383 89866 29691 30461 41048 37305 47774 69341 2303 60335 27200 98580 80934 98767 41658 88039 41096 35747 17099 45465 97682 85334 88249 8829 37974 78792 57668 47627
90397 68026 71875 18709 82506 38759 75587 94366 34209 50333 67416 52733 38262 99679 14469 28764 48752 50761 60579 98278 10925 38188 33851 81077 69203 84553 48254 54200 193 93062 81673 47802 98212 61833 48080 2155
68912 89988 30231 96995 19669 90787 27135 46626 6856 85748 23989 48828 98252 23776 86635 42493 18455 16479 56851 21317 63994 3182 58688 37816 63629 75117 97371 14211 82349 11911 25450 26942 11218 20734 42508 44390
6971 5096 71435 83387 76538 73296 45428 54967 2172 25434 79098 76999 71098 57821 14190 89220 12388 1589 54046 21126 16293 97505 45705 39020 5027 45304 74066 97879 73205 85574 58722 94294 63052 8792 52900 64595
59363 18612 73057 57648 23196 55266 48355 16035 14567 39673 41019 41432 41063 18481 67274 60164 31338 990 90923 61545 51633 28527 42483 61762 58899 15044 1102 74071 76157 37408 14048 87099 46390 98326 44263 34158
57563 3579 22416 5000 42802 68448 12332 60225 86183 33574 29742 23747 4353 83744 74913 51737 26483 47230 7478 120 34342 22804 20971 77275 37220 19771 61654 85362 5789 49506 6563 66975 487 25553 75167 62524
43206 45713 89547 85165 9501 82155 38533 468 18723 16975 57211 77404 68103 59113 29275 9365 35612 35496 64668 13674 6227 92261 57097 18835 60854 44364 73499 71797 14748 49063 50336 21205 58747 95077 99888 87713
65380 34247 70391 96286 79628 71723 83142 51195 85471 44090 18457 29962 67847 97403 74202 74311 75572 95991 82987 35994 50945 97072 6607 58239 11462 18944 40501 25562 90425 41510 10638 8652 11245 2281 85428 69868
78142 7768 66728 7176 77208 97144 62329 38961 52366 49790 89541 15964 58959 17199 6851 62716 89340 18475 99798 663 77376 71434 27337 25571 87982 88907 96679 90533 50517 47345 73081 31632 8716 31558 17215 69610
8167 3857 67879 60007 63982 83779 14700 88573 3799 92246 92489 24772 70507 53770 50160 5704 791 96046 39091 28397 4930 10223 72015 63575 54353 3259 90679 71321 28258 88456 20968 94589 19197 78766 83897 51433
19344 31816 43664 30821 55665 53957 23890 18387 82754 20810 37359 35142 52184 63193 91115 57095 246 56765 82421 15688 95093 39119 85005 17212 74029 58242 22544 34936 5407 34660 31399 4742 65742 54381 68807 24567
32088 99854 53876 43654 35753 56721 34749 73414 91536 425 46008 96065 38819 51708 39839 86426 17357 24903 98942 73596 78097 16719 69024 65489 11712 3033 34915 92975 23286 33849 45016 87330 94317 48330 69742 23093
85693 18911 70744 73819 6967 97103 78545 72269 84226 34722 74382 26019 78218 6472 1532 3267 32186 55061 53814 41827 60092 16343 69609 41453 32558 46236 46674 26312 21938 43321 11353 93961 32200 5270 98165 56989
99597 73816 47925 19123 75105 62834 37758 27501 48282 57216 77967 9783 1991 55556 5678 18455 63043 42021 28326 91629 11504 8564 74422 35747 42465 95375 73277 39043 38227 97254 15147 50180 64619 79255 50047 28664
10377 50323 99895 29064 91645 66853 23487 14554 46692 44867 16817 60134 65793 71594 64446 49197 79431 14183 48077 32750 25961 89641 17236 91015 31572 81341 64632 51093 14201 18068 20150 92233 73352 10628 94966 41782
99600 68784 73171 48652 15797 69416 65110 81489 74584 14540 24601 8169 77217 40387 25386 23695 50176 75000 49806 2271 385 90619 79969 31256 61903 33817 30130 68578 59405 88739 55411 45849 37436 49553 90084 37707
92238 89440 42172 65607 28136 45802 38863 8361 25198 22428 15407 66019 28817 60434 65485 34055 96709 67438 56873 97204 17958 29467 75581 49552 19855 21434 73170 79580 3712 50171 13726 91226 68927 6112 35124 96404
94494 35440 55917 22941 12383 93660 9475 46767 32195 5551 45043 5754 74256 3422 79763 82567 4576 14439 79758 83409 59293 94535 96024 54194 66248 28661 28203 41169 95528 99210 23033 40941 70626 21705 7421 53064
75454 63178 32923 6583 21824 38612 59873 34835 63288 35387 73400 32514 83199 96609 73347 9933 30079 7161 40966 26135 57924 59805 21140 44859 21664 35342 32610 81266 59654 77510 46143 48649 13754 93729 80507 10854
58650 40157 10229 86444 97930 98624 36019 28497 57764 87897 7200 63887 15181 53298 33030 97357 21535 55571 37706 62432 28907 85635 48071 27545 21968 39340 57777 97499 50734 42512 34512 35814 16045 28790 38409 97304
49205 33555 99262 49606 10216 93233 82213 633 63286 78613 7174 49300 12683 60826 79195 32021 83691 64607 32620 81374 84656 26182 63821 50473 37865 35631 8128 47556 18221 83100 75261 87380 59856 84287 63674 91596
74944 36104 34572 78695 8577 20329 76746 82424 30621 11284 63136 78511 20589 86147 37783 35205 66209 32356 93375 67317 35175 20133 97062 366 33270 70900 80357 422 68326 71173 92959 60367 68804 23963 58958 4714
55218 67207 79472 34801 50334 3532 4900 20909 98249 63729 62026 93993 53444 66786 46619 83193 6873 56862 49161 85514 32812 47424 50068 84115 49970 1520 5416 24499 84913 28808 29021 28938 43974 2496 50053 5917
28551 85612 78283 30429 18367 46709 42888 25231 20965 50277 84171 89246 77032 73162 14450 48412 97136 22368 29705 52776 49407 68890 81752 65507 24177 55962 82514 28401 49805 94443 7186 10636 92595 82713 47011 74914
36440 12268 79974 64751 85805 95181 10735 7009 94876 5621 29803 53585 77099 53598 83698 55299 14766 96714 1485 33629 48203 3441 2880 36373 46386 96612 34823 15955 36714 27036 11468 33269 68804 73236 97058 98357
99349 64984 18844 28938 20978 48810 55665 28827 66474 78278 25391 13688 89129 40679 66345 13835 68182 79693 91865 95574 23868 69858 48411 16719 10620 42540 36715 24427 67938 68951 61388 40238 70596 10522 88882 87373
38996 50225 1893 4620 35613 68129 74715 9772 21977 55785 72046 86006 3266 86575 90314 81875 58916 12987 21140 45094 98565 3289 68902 41090 42852 15658 46950 61777 77745 77477 42593 1505 32056 31385 46012 11485
60456 5278 11964 20881 22079 89039 15274 48467 5526 39415 94519 29283 80764 65881 32765 59158 84706 15029 50503 70549 7282 72161 44252 12063 6208 41381 78291 43326 26354 97730 2458 90678 89375 17751 89303 72282
95936 99432 23068 5285 5482 65319 8383 27210 50203 62136 46929 26204 39802 52534 49656 87982 44745 67170 9041 16418 83424 507 59062 37027 77562 81371 98833 28074 41663 23804 27148 20956 73609 50996 73195 6653
33405 2086 84739 9798 43781 58265 73492 77038 95635 20107 53176 64099 3589 83235 12428 79846 67382 4790 28743 41188 35931 42657 8402 77552 81397 4075 68887 84017 19048 1786 40243 68796 3452 24120 49536 83816
19611 17629 77130 17154 44339 46240 31347 30952 97931 24794 77579 3715 84537 16018 4780 65544 861 8854 84484 67340 98528 16416 14192 41211 84249 30756 13956 47147 21797 62002 53122 71191 29438 62614 15411 56963
85110 62886 98862 80202 38495 83162 52453 85636 39760 71759 18368 55835 54987 67029 54470 82432 70012 38120 37935 26872 67589 86532 39525 44506 44495 93444 42784 41739 76668 40724 42883 96124 56484 74175 24314 41843
1004 42159 87092 39181 25058 19670 9167 84268 64238 87861 89779 28452 95712 18888 50179 86921 49953 32517 3521 95381 47185 13228 92956 11517 35928 61202 65941 56992 20918 95989 43448 38199 14617 33599 77557 66728
42458 801 6329 59887 47455 30885 16200 73091 38352 65389 30214 53619 2298 35176 6873 90577 46886 43570 34308 64863 7304 13647 13071 69638 61937 47086 95924 40933 85088 78662 2647 53905 64089 4980 57545 39599
26733 8570 60229 26879 53699 54850 1499 39763 88548 88877 4393 84626 35179 76456 45423 66369 43799 88024 33797 99327 18862 53118 76488 91639 79864 89580 48930 11400 9847 94410 15087 59635 98237 45862 25079 10960
29483 35263 54339 43399 21702 24272 49244 59400 14785 46215 67756 3289 23027 34044 33275 60241 65433 88698 83297 91008 60033 88345 83954 86019 43462 82388 70882 41296 90332 32954 68916 12748 74114 51727 10677 13800
1141 84384 19817 8456 87154 41861 41859 37798 81334 43416 81309 82248 9003 29072 65176 67052 66659 76717 15412 21172 83756 97870 78141 12972 28306 19926 27981 8798 51043 52389 25382 92140 53707 79030 43965 76542
84305 33011 76188 19470 12943 76726 65566 64761 62795 42974 73302 99490 47830 69897 74322 68336 49485 62691 5544 57124 24580 6079 84892 24017 25264 42993 48528 28310 97102 21767 35607 74667 90643 44714 17655 78479
39493 62073 52925 5921 9499 91019 35988 70192 83825 83854 54616 2569 88953 20126 92137 98519 68752 88034 81815 73467 78662 89842 66066 15704 33538 1266 65145 64693 90578 78431 21867 37154 77941 49271 13521 64422
11282 5650 12463 31030 76417 45529 24852 66558 79338 70171 11053 86184 11867 48996 37552 54557 48023 66783 60558 59259 48311 6623 23630 75184 5080 65318 60147 43060 72683 1232 99653 32891 2806 32780 52763 68419
33324 51380 39109 72418 98600 92305 80587 41620 92586 6796 6475 6643 57595 86611 67243 53154 57449 8354 29121 45433 42904 51862 86393 55548 43601 85837 68002 95016 37240 65498 38947 42274 75145 440 24954 87269
23050 34007 12467 20341 48874 29291 76822 83388 17719 77962 39037 8703 88761 78282 16686 39219 89828 16920 50643 63528 64692 2471 69799 37900 48748 59101 37730 4265 15199 96518 91682 35854 69945 22189 1374 40946
31941 7275 28422 9494 32185 54223 5816 57438 90763 52761 66614 45583 78818 72155 73996 1448 46500 11964 26401 9333 683 5118 19190 57517 61814 19627 86278 56487 16802 2859 83003 44389 67578 78498 69876 8746
73315 26842 14791 60784 70807 90115 67416 13841 43853 57446 99787 84508 52698 61 7201 45291 19877 23511 39356 20084 54071 55984 38374 24584 8157 97471 41296 5764 26533 14478 60038 30599 13042 26534 4937 43547
39192 56540 4482 74030 77294 52661 16688 13185 80318 44216 14562 8951 55884 58057 27252 11326 31687 56636 47977 28921 11972 47668 72158 40986 68271 50206 9111 3631 87685 18979 28687 3176 12920 65855 60475 4866
18873 56502 95845 61484 50017 669 1553 13671 22166 38571 13349 95186 18021 59673 31128 17959 94608 82393 40833 8849 40463 99922 65872 93557 37144 40098 98591 31387 49597 5950 13110 59362 14976 16189 34743 26836
42372 99838 61328 67389 11010 4027 50637 99732 43609 22770 79117 40201 72642 34098 39311 63827 41112 46283 15483 28082 39148 11296 15785 81757 71609 37079 49212 82750 78032 10706 34422 43511 19003 6069 74326 6951
86586 81899 66551 78984 3550 27537 20434 24147 90669 71937 29258 41976 88449 23351 41013 10549 41196 3072 65522 99565 64734 81944 13786 43481 45198 18412 67190 75287 96857 32367 50391 67360 10650 88980 824 92297
38447 68540 33446 70133 8751 34436 21789 56580 14202 6841 63507 19167 14388 78048 90475 72766 30737 37490 72984 74981 54544 6621 17389 97931 7000 40333 50099 90199 10121 15910 28633 95218 6458 89044 958 36743
82864 99105 47975 93297 55774 12578 27795 6999 59533 12607 60900 15282 56073 17448 92522 97749 19360 90014 43719 76918 30715 34778 67301 99671 43508 13018 38274 17748 75924 96225 20407 8294 95072 9732 50612 9699
38641 47972 39000 25729 5068 90457 74170 36796 91108 49455 35505 49464 49194 58108 83130 57119 12593 77163 36869 42982 25884 73093 35052 35857 30077 26362 96017 68144 80327 38035 74779 55240 8025 33222 44810 46753
36641 94715 19326 53519 27705 10432 51745 20706 11777 39421 97658 39991 262 73283 26400 8604 49935 66562 56912 14069 44162 25922 76081 29916 34857 5317 43891 28432 56079 52620 91374 36496 91777 76372 550 95293
18454 20356 98410 18877 47979 57549 66942 29750 4367 1811 40545 16596 55663 62522 30453 6263 90079 66827 63513 30699 66697 86839 18220 21546 82246 54757 39892 46222 19688 48245 10591 77433 28944 81326 15766 38148
86092 97339 70482 21463 32184 39241 52100 38677 73709 96794 12310 85618 5724 68718 6719 28471 91784 86120 14115 22021 179 4399 49895 52292 62555 11252 16017 25933 18690 16683 27742 36154 74096 62223 88582 78105
62579 5397 97839 70374 62005 29298 66859 66155 44924 79978 56223 67078 33472 31702 62547 14524 98719 16835 12607 44865 20621 1130 52042 88221 58079 33821 61413 567 99327 59337 67474 72472 64077 67209 86241 73267
40497 72956 11387 61225 38112 47834 34025 34700 65397 67696 4130 83367 27735 55720 62541 8318 2198 23161 90474 10505 55673 30534 27824 74243 83967 35079 48031 26535 4599 18372 77848 33519 24662 92429 6903 31419
64420 47242 83739 69994 69104 83738 97117 22569 68478 54027 71857 67700 63513 65677 91821 13866 91935 73173 80679 20004 79189 28766 17831 92261 34478 62931 58810 75563 43805 54846 79701 32960 49569 90108 93785 47986
98418 90558 67152 73982 46700 93096 46976 80089 15376 91901 21422 39685 63405 4947 83354 97116 28805 73083 97278 87420 65491 92462 2207 90078 10932 18065 28188 23073 98048 63905 42999 43739 69497 49824 61709 97998
25008 91746 50592 23033 82146 9952 76440 62259 84987 36326 97941 4647 52013 98568 71560 80907 45766 73415 31351 25811 19687 89868 45438 92491 7445 35771 95471 86051 73635 13817 97326 40914 50867 60384 79502 26831
21903 26529 25248 8535 123 26670 44723 98142 92101 87343 50886 37663 82034 28658 52678 51970 19094 51244 11852 82550 50712 21215 9466 19645 41920 43569 8186 85084 71587 92667 14881 89303 2907 45442 80993 99675
13875 7855 41903 71767 22641 84391 44476 55900 30808 55259 18319 60457 23979 94791 12055 309 22675 82770 9563 33700 9980 99263 19769 56130 42451 85997 92386 58545 25638 73061 74044 58382 44234 45305 74346 83973
77695 51938 68264 56495 74480 64798 8484 37670 74613 46897 55497 38655 98773 49473 2078 11925 66675 6553 80449 81061 14985 98604 58847 15411 88697 27983 79114 6243 57723 98029 81962 47953 54264 48456 95423 39239
20645 8989 96281 44758 9478 63532 44897 66268 21702 1933 90060 93432 69620 43717 83432 7077 26554 76350 25363 76331 31664 38594 60670 75097 84422 90459 26326 74111 68909 43195 78453 52617 65712 8839 23787 89370
54169 34789 89690 88712 64628 65115 99328 19628 23836 8520 15806 88146 47062 34087 46210 94423 62094 82231 71275 65510 93255 75616 24112 15314 81202 4 74271 27646 59449 93666 70476 28613 13427 20162 23623 67354
23712 16381 7547 85509 70103 70750 1321 89188 7195 92850 78100 74230 53288 70690 11957 15960 17039 57094 85022 67499 92271 47333 89223 29936 52449 88618 59093 82655 35113 52160 40125 10507 5735 1299 24036 19988
8342 40470 73763 64023 52898 67703 16842 9057 97943 67129 58520 8739 68207 86724 36828 30269 1907 4296 14029 39732 58888 14733 21784 60313 71850 90495 10859 15146 89360 15100 99944 89271 77490 65109 20898 32129
18178 69613 70374 8385 37205 1878 88402 79574 94839 68048 14991 36823 27015 16375 90464 24230 40180 39641 8472 42851 29157 91224 69874 9277 198 51053 50418 66956 73958 82260 21957 98618 49222 84067 58432 10500
53297 23246 41721 14345 42505 28852 27431 23555 77552 11258 15532 79854 99522 42281 89521 61914 61771 42828 72267 79077 42354 99029 48745 89475 67876 31744 808 50039 30855 63470 66184 75751 631 95816 93713 71962
3115 72288 5320 13434 9611 30312 89072 29249 97797 52697 97906 81689 29511 33882 31546 49446 5794 35183 79274 41397 69848 34521 43124 48471 64278 56764 5501 55074 40911 44719 5128 36710 10298 43084 35363 11598
8184 7233 74834 35215 53049 95843 98249 44296 64138 22185 45589 40518 65788 10231 83019 33392 10482 61406 49900 65090 1013 49516 94421 39106 70999 34699 34246 74024 60197 46736 95695 8759 70247 60142 40143 83534
29155 95444 70512 1565 92765 62261 30127 84641 53024 28663 25535 29921 93874 56704 74511 9957 70065 75153 53753 82089 33096 4272 79346 25632 81861 11774 5713 30604 7596 94134 81191 87833 96122 15990 73830 98640
9941 57666 10864 71763 43035 86446 26521 84041 84204 95532 89720 96440 10533 34464 43704 35533 41992 67469 58504 93536 63983 51964 88274 17294 83260 40355 83869 73118 54155 84902 52320 29407 44068 42637 88600 3753
50765 69396 81875 17663 60062 50037 62510 42104 43843 84333 73932 75125 82918 96083 4739 33512 77585 43933 64031 90496 29279 54898 65993 84198 76042 88671 97883 58168 40069 6761 11052 38774 63621 34331 56664 24245
88306 62484 13712 27879 87146 19258 86502 16895 9729 5527 26925 10841 24144 46014 985 32131 11513 83166 32079 3274 31278 19038 80397 47687 82840 22757 16053 91423 56087 18374 95546 23541 93391 26262 70091 50557
60367 69593 3080 78888 32802 47074 35381 50330 45883 59852 38218 31516 67608 54808 20753 19833 16873 77378 49598 61713 77447 21910 1267 5468 17925 37153 51586 18025 67428 7232 15060 30311 49511 44571 60840 15794
44493 62554 4787 52660 50289 42527 65302 67579 35188 48311 33299 13533 75281 79961 8345 3420 91010 11430 13029 66402 32646 26089 72347 98035 45140 16859 10453 2026 26121 65088 43245 92884 78839 89893 15899 4423
92416 7431 95299 63839 40852 39436 37663 55460 45716 48360 11483 68611 90890 49692 12324 99410 30658 21704 15882 39711 78973 68706 99804 24096 34677 33861 24028 67594 23568 64914 29933 82221 34103 73525 44115 60281
